0.05263158
0.05263158 0.05263158
0.05263158 0.05263158 0.05263158
0.05263158 0.05263158 0.05263158 0.05263158
0.05263158 0.05263158 0.05263158 0.05263158 0.05263158
0.05263158 0.05263158 0.05263158 0.05263158 0.05263158 0.05263158
0.05263158 0.05263158 0.05263158 0.05263158 0.05263158 0.05263158 0.05263158
0.05263158 0.05263158 0.05263158 0.05263158 0.05263158 0.05263158 0.05263158 0.05263158
0.05263158 0.05263158 0.05263158 0.05263158 0.05263158 0.05263158 0.05263158 0.05263158 0.05263158
0.05263158 0.05263158 0.05263158 0.05263158 0.05263158 0.05263158 0.05263158 0.05263158 0.05263158 0.05263158
0.05263158 0.05263158 0.05263158 0.05263158 0.05263158 0.05263158 0.05263158 0.05263158 0.05263158 0.05263158 0.05263158
0.05263158 0.05263158 0.05263158 0.05263158 0.05263158 0.05263158 0.05263158 0.05263158 0.05263158 0.05263158 0.05263158 0.05263158
0.05263158 0.05263158 0.05263158 0.05263158 0.05263158 0.05263158 0.05263158 0.05263158 0.05263158 0.05263158 0.05263158 0.05263158 0.05263158
0.05263158 0.05263158 0.05263158 0.05263158 0.05263158 0.05263158 0.05263158 0.05263158 0.05263158 0.05263158 0.05263158 0.05263158 0.05263158 0.05263158
0.05263158 0.05263158 0.05263158 0.05263158 0.05263158 0.05263158 0.05263158 0.05263158 0.05263158 0.05263158 0.05263158 0.05263158 0.05263158 0.05263158 0.05263158
0.05263158 0.05263158 0.05263158 0.05263158 0.05263158 0.05263158 0.05263158 0.05263158 0.05263158 0.05263158 0.05263158 0.05263158 0.05263158 0.05263158 0.05263158 0.05263158
0.05263158 0.05263158 0.05263158 0.05263158 0.05263158 0.05263158 0.05263158 0.05263158 0.05263158 0.05263158 0.05263158 0.05263158 0.05263158 0.05263158 0.05263158 0.05263158 0.05263158
0.05263158 0.05263158 0.05263158 0.05263158 0.05263158 0.05263158 0.05263158 0.05263158 0.05263158 0.05263158 0.05263158 0.05263158 0.05263158 0.05263158 0.05263158 0.05263158 0.05263158 0.05263158
0.05263158 0.05263158 0.05263158 0.05263158 0.05263158 0.05263158 0.05263158 0.05263158 0.05263158 0.05263158 0.05263158 0.05263158 0.05263158 0.05263158 0.05263158 0.05263158 0.05263158 0.05263158 0.05263158

0.05 0.05 0.05 0.05 0.05 0.05 0.05 0.05 0.05 0.05 0.05 0.05 0.05 0.05 0.05 0.05 0.05 0.05 0.05 0.05
