26.78280 
98.44740 32.70590 
119.98050 0.00000 893.15150 
36.00160 23.23740 0.00000 0.00000 
88.77530 243.99390 102.85090 134.85510 0.00000 
196.11670 0.00000 149.34090 1138.86590 0.00000 708.60220 
238.61110 8.77910 138.53520 124.09810 10.72780 28.15810 81.19070 
22.81160 238.31480 529.00240 86.82410 28.27290 601.16130 43.94690 10.68020 
65.34160 63.26290 76.80240 23.92480 43.80740 18.03930 60.95260 0.00000 7.69810 
40.64310 15.49240 34.11130 0.00000 0.00000 73.07720 11.28800 7.15140 44.35040 255.66850 
25.86350 461.01240 314.83710 71.69130 0.00000 151.90780 83.00780 26.76830 27.04750 46.08570 18.06290 
71.78400 89.63210 0.00000 0.00000 0.00000 112.74990 30.48030 17.03720 0.00000 333.27320 523.01150 241.17390 
18.36410 13.69060 13.85030 0.00000 0.00000 0.00000 0.00000 15.34780 47.59270 195.19510 156.51600 0.00000 92.18600 
248.59200 102.83130 41.92440 13.39400 18.75500 152.61880 50.70030 34.71530 93.37090 11.91520 31.62580 33.54190 17.02050 11.05060 
405.18700 153.15900 488.58920 95.60970 159.83560 56.18280 79.39990 232.22430 35.36430 24.79550 17.14320 95.45570 61.99510 45.99010 242.72020 
368.03650 26.57450 227.16970 66.09300 16.23660 52.56510 34.01560 30.66620 22.63330 190.07390 33.10900 135.05990 103.15340 13.66550 78.28570 543.66740 
0.00000 200.13750 22.49680 0.00000 0.00000 0.00000 0.00000 0.00000 27.05640 0.00000 46.17760 0.00000 0.00000 76.23540 0.00000 74.08190 0.00000 
24.41390 7.80120 94.69400 0.00000 95.31640 0.00000 21.47170 0.00000 126.54000 37.48340 28.65720 13.21420 0.00000 695.26290 0.00000 33.62890 41.78390 60.80700 
205.95640 24.03680 15.80670 17.83160 48.46780 34.69830 36.72500 53.81650 43.87150 881.00380 174.51560 10.38500 256.59550 12.36060 48.50260 30.38360 156.19970 0.00000 27.93790

0.087127 0.040904 0.040432 0.046872 0.033474 0.038255 0.04953 0.088612 0.033619 0.036886 0.085357 0.080481 0.014753 0.039772 0.05068 0.069577 0.058542 0.010494 0.029916 0.064717
