[ ---------------------------------------------------------
    EHO mixture model of Le, Lartillot & Gascuel (2008)
 --------------------------------------------------------- ]

[ extended component ]
model ExtEHO = 
0.221750 
0.256487 0.595368 
0.447755 0.112310 7.769815 
4.893140 0.929131 1.061884 0.164472 
0.542660 2.886791 1.927072 0.497273 0.133291 
0.549459 0.290798 0.518264 5.393249 0.003776 4.326528 
5.411319 0.302948 0.907713 0.961651 1.249183 0.173873 0.316780 
0.283752 2.760038 5.159285 0.978418 0.737799 5.086066 0.421812 0.209276 
0.026683 0.053027 0.166715 0.016491 0.151942 0.055934 0.026726 0.001780 0.098605 
0.226816 0.251641 0.062256 0.015837 0.763554 0.537705 0.042909 0.032938 0.321607 3.217159 
0.235513 6.017300 2.543177 0.223507 0.023575 3.432847 1.211039 0.160545 0.671045 0.082221 0.106179 
0.992834 0.351969 0.415447 0.041511 1.271632 1.700679 0.111984 0.117596 0.326393 3.329162 7.496635 0.519821 
0.191967 0.041219 0.090517 0.014810 1.004694 0.042779 0.011177 0.040989 0.641267 0.813011 2.233318 0.023173 1.863238 
1.876507 0.395175 0.362650 0.550534 0.174031 0.731229 0.412907 0.205341 0.381717 0.011597 0.315127 0.393303 0.135360 0.043846 
6.066032 1.083228 5.612711 1.035540 4.263932 1.429211 0.766802 2.266299 1.074108 0.047896 0.147065 0.683291 0.352118 0.382422 1.462674 
1.827471 0.645132 1.883173 0.287521 1.395928 1.013709 0.781080 0.055140 0.512000 0.588357 0.142327 1.256445 1.435179 0.079647 0.417388 6.092548 
0.101419 0.452274 0.065206 0.034173 0.592031 0.164037 0.049674 0.183473 0.741383 0.069289 0.429275 0.050856 0.545447 2.178510 0.022770 0.304839 0.111242 
0.091914 0.112094 0.451176 0.108762 1.183567 0.132194 0.042952 0.030418 4.373360 0.122828 0.186938 0.096667 0.344096 8.276255 0.053251 0.325231 0.135310 2.597897 
1.970427 0.119016 0.091863 0.041044 1.750822 0.222903 0.225961 0.053387 0.123318 6.815243 1.427658 0.124284 1.427074 0.341263 0.127045 0.076658 1.052442 0.073165 0.101733 

0.062087 0.053435 0.023743 0.032063 0.013132 0.034151 0.061042 0.030664 0.022696 0.104732 0.099541 0.054991 0.022312 0.045996 0.025392 0.045673 0.072789 0.012691 0.043790 0.139079;

[ Helix component ]
model HelEHO = 
0.346476 
0.374362 0.664870 
0.557349 0.079157 3.710526 
3.192474 1.027228 0.891196 0.006722 
0.776545 1.902860 1.561002 0.517360 0.112028 
0.841893 0.158406 0.443065 3.792847 0.000006 2.320685 
4.037113 0.661209 1.866962 1.144918 1.465540 0.511489 0.573208 
0.394225 2.123760 5.845902 0.737868 1.084909 3.960964 0.270146 0.380762 
0.111350 0.099645 0.233216 0.005627 0.839533 0.089484 0.019520 0.021251 0.132153 
0.193017 0.307622 0.115495 0.009651 1.136538 0.584189 0.039838 0.048105 0.485901 4.915707 
0.481682 3.827872 1.926308 0.163314 0.021755 2.487895 0.768919 0.327002 0.534206 0.147053 0.136159 
0.610432 0.344033 0.452639 0.035659 1.624032 1.146169 0.103241 0.171164 0.364836 6.260678 7.738615 0.549401 
0.147278 0.035167 0.106276 0.018468 1.864906 0.047207 0.010268 0.086543 1.244539 0.927331 3.243633 0.016265 2.326533 
1.090575 0.181605 0.093658 0.386490 0.097655 0.462559 0.290152 0.568098 0.458437 0.043237 0.207460 0.198291 0.061027 0.067592 
6.243684 0.836138 5.633664 0.952131 6.398291 1.267404 0.430602 5.463144 1.088326 0.102127 0.193860 0.707365 0.438507 0.470620 1.534272 
2.847158 0.566364 2.984732 0.347047 3.711971 1.083181 0.495700 0.500029 0.642773 1.698955 0.402699 1.111399 2.483456 0.231119 0.685164 8.832473 
0.090983 0.369015 0.085583 0.046821 0.950521 0.183299 0.040785 0.391093 0.950288 0.075780 0.624335 0.041505 0.980672 3.915972 0.053806 0.299723 0.100663 
0.152848 0.170981 0.594708 0.106099 2.051641 0.121416 0.047614 0.064377 8.167042 0.195540 0.352598 0.069186 0.465779 15.178886 0.058255 0.405459 0.201603 4.035822 
2.140511 0.136453 0.145376 0.046174 4.011687 0.191618 0.192292 0.202844 0.174981 14.460840 2.175028 0.136317 2.393838 0.659302 0.418505 0.180248 3.585329 0.175143 0.281722 

0.121953 0.076798 0.032215 0.066765 0.006842 0.061304 0.131841 0.026596 0.020392 0.047287 0.087919 0.084679 0.020970 0.024145 0.025871 0.042103 0.038715 0.008346 0.023841 0.051421;

[ Other component ]
model OthEHO =
0.529263 
0.379476 0.612335 
0.516691 0.067732 4.012914 
3.774890 1.615176 0.888663 0.165810 
1.312262 2.913667 1.533683 0.442262 0.337571 
1.403437 0.154460 0.333334 3.815893 0.015567 3.743866 
1.272402 0.389317 1.243222 0.661976 0.554904 0.332656 0.319770 
0.558733 2.816641 4.803000 0.761339 1.223662 4.889028 0.323617 0.300981 
0.124057 0.155080 0.219635 0.019097 0.560959 0.100743 0.038076 0.005599 0.184752 
0.340362 0.580087 0.119838 0.015948 1.192857 1.156516 0.083154 0.031031 0.646292 7.873544 
0.706732 5.734632 1.847806 0.128114 0.050896 3.616626 1.131071 0.283950 0.643558 0.179831 0.224320 
1.056749 0.665355 0.399943 0.053900 1.893946 2.299714 0.168079 0.085094 0.556024 8.136055 14.213193 0.931689 
0.233961 0.079465 0.130295 0.016768 1.902244 0.077611 0.012655 0.048906 1.403178 1.581816 4.275863 0.036062 2.888633 
1.518830 0.252482 0.049484 0.171011 0.108909 0.501196 0.346600 0.058913 0.299924 0.073007 0.297573 0.249478 0.091619 0.068920 
5.595735 0.861017 3.749627 0.987083 4.952776 1.045071 0.463265 1.190738 0.897478 0.131753 0.265701 0.607097 0.399537 0.408758 0.993614 
2.157458 0.613623 1.733380 0.361861 2.145775 1.011592 0.523086 0.091023 0.450662 1.492403 0.408418 1.143233 2.378569 0.131777 0.381007 7.574340 
0.151895 0.544292 0.060182 0.043433 1.259614 0.228038 0.045082 0.134804 0.748147 0.134416 0.979277 0.038787 0.908253 4.850762 0.052415 0.249753 0.114232 
0.219509 0.243507 0.580103 0.130214 2.325021 0.196580 0.079660 0.037482 6.907609 0.299245 0.552917 0.067894 0.685250 19.404995 0.047839 0.323207 0.183044 4.704884 
3.049976 0.278740 0.134120 0.055382 4.149385 0.500946 0.435957 0.067170 0.214393 22.435652 2.883298 0.323886 3.369448 0.722571 0.315978 0.152899 2.423398 0.186495 0.303833 

0.076458 0.052393 0.055429 0.088634 0.007473 0.040671 0.080952 0.100192 0.025439 0.031730 0.053100 0.070835 0.014039 0.023159 0.087111 0.063636 0.055346 0.007033 0.023779 0.042590;

[ main definition of EHO with fixed component rates ]
model EHO = MIX{ExtEHO:0.720274356,HelEHO:0.976798797,OthEHO:0.783109376};