[ ---------------------------------------------------------
    EX_EHO mixture model of Le & Gascuel (2010)
 --------------------------------------------------------- ]


model BUR_EXT =
0.228492 
0.165543 0.916344 
0.238509 0.258514 8.498064 
3.374029 1.037434 1.667702 0.332072 
0.344742 4.971495 2.471912 0.654950 0.130301 
0.417921 1.039226 0.875808 13.073209 0.040759 9.834742 
4.248714 0.411876 0.585570 0.748848 0.908311 0.221633 0.593504 
0.182762 3.872065 6.999812 1.719470 0.493863 8.695395 0.749303 0.137367 
0.011705 0.090751 0.149898 0.021996 0.077693 0.043664 0.013820 0.001527 0.073342 
0.133793 0.286232 0.065118 0.015540 0.456304 0.546974 0.052641 0.024196 0.226460 2.160734 
0.249141 17.756919 3.385483 0.343780 0.093875 6.677050 2.745017 0.295602 1.481997 0.100576 0.167406 
0.641194 0.342577 0.427146 0.059345 0.867233 2.306480 0.218260 0.058613 0.358032 2.187901 5.151337 0.750049 
0.118366 0.068606 0.102572 0.009357 0.633943 0.033356 0.012944 0.024474 0.497973 0.534407 1.581972 0.063281 1.329239 
1.561052 0.483968 0.385170 0.261437 0.310131 0.913924 0.355871 0.175520 0.512823 0.019789 0.295416 0.348527 0.104569 0.059641 
5.891807 1.320618 5.737159 1.074011 4.702782 1.389531 0.878480 2.178078 1.111068 0.033343 0.094349 1.035903 0.327901 0.292022 1.344678 
2.059884 0.976165 2.166428 0.369522 1.951862 0.815145 0.575774 0.060834 0.558388 0.422299 0.153549 1.793263 1.268126 0.085468 0.780914 9.031309 
0.081683 0.814216 0.057557 0.055146 0.450959 0.191881 0.109420 0.144367 0.651978 0.068649 0.345622 0.169527 0.387902 1.883741 0.023466 0.309129 0.111568 
0.052650 0.248907 0.570101 0.180267 0.701260 0.253975 0.061388 0.025465 4.206114 0.083799 0.147600 0.226848 0.254720 6.549427 0.027521 0.283138 0.141408 2.561108 
1.355342 0.137437 0.104597 0.051387 1.203830 0.218892 0.194527 0.031054 0.088935 4.577473 1.003647 0.153722 0.883283 0.242657 0.191295 0.068785 0.990922 0.056276 0.078264 

0.087158 0.015906 0.012970 0.012566 0.020325 0.013301 0.013777 0.039603 0.014597 0.161107 0.147775 0.011033 0.031334 0.064281 0.013322 0.035417 0.048583 0.012672 0.045210 0.199064;


model BUR_HEL =
0.317211 
0.209784 1.120865 
0.315205 0.301050 7.439896 
2.214446 0.884449 1.356293 0.110768 
0.465495 4.319791 2.843187 1.082540 0.215988 
0.668735 0.901135 0.986572 11.245156 0.009874 7.561773 
3.614157 0.568883 0.972660 1.036117 0.894733 0.409083 0.780808 
0.249929 3.138701 7.344935 1.747672 0.379845 9.559763 0.842239 0.146008 
0.059633 0.103290 0.206475 0.017492 0.286194 0.123433 0.037593 0.010910 0.071273 
0.096230 0.285199 0.113728 0.015874 0.439724 0.547078 0.063675 0.021607 0.303531 2.097349 
0.380075 15.783354 2.780107 0.569108 0.093004 6.179905 3.209588 0.413960 1.002075 0.185911 0.185249 
0.371379 0.411553 0.398602 0.076761 0.727245 1.665645 0.249045 0.068128 0.256194 2.940308 3.649539 0.972247 
0.075616 0.043519 0.096446 0.041118 0.636688 0.102460 0.039991 0.041269 0.839126 0.376556 1.551814 0.064774 1.173962 
1.100574 0.385197 0.319458 0.353000 0.112549 0.805706 0.369483 0.482895 0.520098 0.058167 0.144341 0.361488 0.074069 0.057968 
6.832958 0.955160 5.296628 1.265211 6.144756 1.315182 0.902504 3.903795 0.862633 0.072343 0.080478 0.979654 0.330305 0.328917 1.924898 
2.223205 0.445571 2.461831 0.299635 2.943208 0.830637 0.621903 0.184055 0.468356 0.911139 0.208091 1.343261 1.515339 0.158763 0.915879 9.298787 
0.062541 0.806724 0.110928 0.132125 0.414525 0.388313 0.191952 0.271274 0.909529 0.025790 0.343842 0.099137 0.543577 2.467147 0.044938 0.215329 0.087955 
0.082948 0.329591 0.693402 0.286594 0.866329 0.259566 0.167425 0.049038 6.332054 0.093136 0.177755 0.275998 0.261754 8.344684 0.088981 0.335859 0.137177 3.125017 
1.390479 0.142986 0.175068 0.106294 1.687293 0.159520 0.297915 0.080925 0.085103 6.414688 0.953785 0.240157 1.097345 0.264988 0.373870 0.144230 2.572837 0.089110 0.115941 

0.158060 0.021566 0.016487 0.014079 0.016937 0.020232 0.023096 0.032822 0.014618 0.114447 0.198900 0.014668 0.042840 0.053434 0.015640 0.037275 0.043095 0.012211 0.036330 0.113263;

model BUR_OTH =
0.406682 
0.246649 0.848592 
0.364260 0.198690 4.535840 
3.292044 0.837291 1.295138 0.420726 
0.735862 4.205085 2.062501 0.427451 0.259335 
0.954795 0.673046 0.671062 8.395674 0.048284 8.922739 
1.958847 0.573207 0.632317 0.572264 0.486274 0.345345 0.650009 
0.312042 2.699661 4.969855 1.181781 0.551188 7.620453 0.701108 0.195346 
0.071000 0.127041 0.184028 0.030240 0.180591 0.065984 0.039235 0.005033 0.098525 
0.142298 0.338853 0.086876 0.026095 0.484427 0.867777 0.087780 0.017129 0.309774 3.477136 
0.624622 18.390649 2.748646 0.442886 0.238266 6.993941 3.906971 0.652336 1.365814 0.219252 0.288480 
0.610604 0.581287 0.382156 0.048508 0.963147 2.672887 0.384585 0.051334 0.386066 3.752286 6.858529 1.524446 
0.124670 0.047666 0.102656 0.031532 0.699124 0.129867 0.004923 0.039185 0.701690 0.643782 2.019473 0.104308 1.568249 
1.126387 0.321347 0.107738 0.137858 0.150346 0.601413 0.310374 0.073794 0.332910 0.056230 0.208204 0.368816 0.078902 0.062410 
5.908551 0.834735 3.611589 0.969189 4.765870 0.881934 0.528944 1.439305 0.746876 0.060111 0.114374 0.784754 0.235963 0.219009 0.710100 
1.856381 0.574277 1.573584 0.223054 2.038789 0.763848 0.461329 0.076195 0.396095 0.701247 0.249302 1.091322 1.282643 0.070553 0.419070 6.616977 
0.069294 0.654056 0.127255 0.078896 0.517561 0.188732 0.125541 0.104279 0.547504 0.066927 0.454998 0.056498 0.425274 2.668838 0.050943 0.151483 0.062698 
0.128158 0.354167 0.640140 0.182565 0.793990 0.368725 0.157796 0.037084 4.307140 0.140691 0.241076 0.323966 0.293629 9.711414 0.060323 0.207489 0.111492 2.857446 
1.982761 0.158227 0.115545 0.051117 2.065903 0.338262 0.258245 0.045770 0.089942 10.113118 1.382024 0.431385 1.456614 0.295718 0.273919 0.066465 1.668063 0.113899 0.144981 

0.102123 0.021199 0.032404 0.032350 0.018985 0.017469 0.017625 0.089270 0.021090 0.083642 0.123866 0.012720 0.029789 0.055399 0.072705 0.061298 0.061705 0.013496 0.039682 0.093184;

model EXP_EXT=
0.464716 
0.597009 0.420578 
1.010693 0.048553 5.944290 
3.915828 2.088244 0.878468 0.236108 
1.156023 1.882317 1.435926 0.338823 0.482742 
1.131098 0.127150 0.346338 3.317186 0.061060 2.724696 
4.638659 0.351041 1.379174 1.216518 1.396050 0.199361 0.353970 
0.657615 2.215990 4.150252 0.717363 1.853969 3.768864 0.347165 0.313421 
0.078558 0.127092 0.347281 0.032361 0.605448 0.171553 0.104678 0.010608 0.309418 
0.516672 0.510585 0.105529 0.039188 1.808273 1.017577 0.112010 0.044661 0.772131 5.693102 
0.519389 3.571104 1.844049 0.109305 0.103105 2.232749 0.653339 0.195325 0.547017 0.219311 0.253086 
1.658261 0.640712 0.558751 0.063591 1.694880 2.088441 0.194697 0.291701 0.321392 6.220456 12.392618 0.862547 
0.426071 0.064894 0.132019 0.034872 2.076573 0.085745 0.026972 0.099963 1.388250 1.765294 3.859637 0.032198 3.134107 
3.082729 0.250470 0.232578 0.376163 0.290522 0.502379 0.240501 0.302007 0.283950 0.013574 0.606936 0.248475 0.226716 0.058246 
7.012884 0.866957 5.008997 0.814153 4.758346 1.192080 0.595351 2.514269 0.993487 0.135167 0.349525 0.542021 0.512591 0.744682 1.258172 
2.037755 0.446367 1.618299 0.203392 1.177421 0.840646 0.583757 0.071515 0.466886 1.503883 0.260405 0.934230 2.245607 0.123552 0.258896 4.504833 
0.171334 0.385971 0.087717 0.019596 1.015512 0.127027 0.037725 0.217844 0.822780 0.095756 0.777332 0.039952 0.977419 3.217291 0.015240 0.301259 0.102153 
0.194998 0.091803 0.433021 0.086495 3.074882 0.111578 0.041481 0.048438 4.904785 0.336528 0.411742 0.087476 0.640594 14.126821 0.061656 0.338111 0.129249 2.902137 
2.811391 0.216605 0.127240 0.061503 2.320268 0.390874 0.450783 0.132513 0.234279 12.181354 2.539512 0.233848 3.363159 0.717467 0.138035 0.159602 1.615372 0.132268 0.186175 

0.043140 0.090761 0.034408 0.052848 0.006370 0.053817 0.107749 0.024812 0.029498 0.049134 0.050167 0.098127 0.013722 0.025841 0.037395 0.056505 0.094326 0.012045 0.039238 0.080099;

model EXP_HEL =
0.434227 
0.551823 0.569806 
0.698268 0.056291 3.064314 
2.026002 2.379205 1.077282 0.016649 
0.986617 1.606282 1.331570 0.426399 0.409724 
1.005936 0.120122 0.390888 2.999742 0.021217 1.881156 
3.221202 0.736168 2.269617 1.272893 1.771711 0.622430 0.656603 
0.515574 2.032567 5.484997 0.666491 2.985549 3.380526 0.265244 0.557878 
0.200810 0.241566 0.441585 0.009830 1.541200 0.198621 0.069562 0.043838 0.339616 
0.328669 0.583849 0.178015 0.022077 2.045404 1.046125 0.089148 0.104708 0.875298 8.628242 
0.598864 3.090263 1.682415 0.113637 0.207957 2.085253 0.582536 0.376534 0.554395 0.371883 0.290692 
0.799278 0.528354 0.704087 0.062290 2.303849 1.507620 0.173293 0.356580 0.492228 10.028453 12.162732 0.867109 
0.256227 0.083117 0.192262 0.030759 4.328951 0.078062 0.022890 0.181917 2.406824 2.014776 4.856941 0.041675 3.521229 
1.118844 0.147481 0.061969 0.323498 0.171678 0.387521 0.237715 0.641036 0.433529 0.069102 0.359935 0.164055 0.063832 0.126592 
5.069051 0.749554 5.245486 0.840686 7.114530 1.177802 0.382956 6.139836 1.086779 0.194824 0.424579 0.655759 0.682174 0.753148 1.355810 
2.949741 0.623328 3.248881 0.406219 3.345739 1.214278 0.538553 0.867954 0.747654 3.316346 0.754081 1.193593 3.516479 0.366653 0.622665 7.975653 
0.115446 0.394156 0.090971 0.055309 1.947845 0.185912 0.046886 0.451084 1.173014 0.277029 1.078778 0.054622 1.516237 5.813526 0.071865 0.359167 0.106921 
0.205680 0.197878 0.678775 0.118188 4.183184 0.139485 0.059999 0.051336 10.200670 0.507328 0.721921 0.086974 0.741023 24.191458 0.046460 0.489820 0.247367 4.904042 
2.494211 0.280293 0.235248 0.083648 5.509932 0.429196 0.409105 0.447130 0.351675 23.404006 3.840750 0.300727 4.126659 1.483049 0.675560 0.336101 4.426709 0.309940 0.588217 

0.115826 0.094038 0.037357 0.085821 0.003363 0.073078 0.167709 0.025416 0.021634 0.024147 0.050238 0.106612 0.013318 0.013330 0.029895 0.044902 0.037901 0.006460 0.018548 0.030407;

model EXP_OTH =
0.603175 
0.478745 0.562615 
0.608325 0.056553 3.755571 
2.371839 2.480665 0.889513 0.170707 
1.551117 2.685995 1.462350 0.424139 0.669728 
1.624084 0.129505 0.314826 3.404205 0.049823 3.375473 
0.987777 0.356744 1.294077 0.640234 0.583980 0.331879 0.304731 
0.667236 2.788429 4.719171 0.731257 1.872668 4.612209 0.316233 0.320454 
0.186911 0.269245 0.318538 0.028464 0.987958 0.242926 0.090427 0.007312 0.327205 
0.527992 0.844027 0.167295 0.021423 1.623589 1.636879 0.135662 0.044560 0.939347 10.338048 
0.842575 5.076266 1.736167 0.106076 0.132985 3.365869 0.969736 0.270931 0.669196 0.356829 0.352830 
1.296147 0.863599 0.469732 0.075018 1.832599 2.642602 0.217378 0.107935 0.624941 10.670411 17.593544 1.247987 
0.325034 0.135328 0.192352 0.021631 2.731423 0.103263 0.027708 0.060740 2.148472 2.344767 5.497995 0.057563 3.278627 
1.670091 0.235642 0.042844 0.164518 0.112539 0.479958 0.326780 0.057540 0.291899 0.110067 0.380466 0.240061 0.109541 0.083760 
5.098150 0.831455 3.661924 0.978777 4.500240 1.064732 0.455496 1.095629 0.915898 0.226713 0.405000 0.608323 0.525496 0.593321 1.035726 
2.174502 0.630453 1.791747 0.396219 1.681712 1.083797 0.556968 0.100584 0.457070 2.361119 0.543612 1.211816 2.987220 0.198957 0.368383 7.505908 
0.203719 0.615713 0.044203 0.046952 1.745090 0.303876 0.050920 0.155176 0.920001 0.165182 1.385828 0.055323 1.274920 5.896599 0.059081 0.303111 0.156402 
0.271220 0.253084 0.643377 0.142691 3.763228 0.209729 0.093004 0.035856 8.167503 0.490579 0.894778 0.077103 1.029700 26.210400 0.045876 0.373529 0.218567 5.726440 
3.470639 0.410713 0.180011 0.081584 4.323431 0.751254 0.686467 0.086874 0.318032 29.800262 3.856040 0.482930 4.862267 1.182403 0.390522 0.268937 2.836818 0.229423 0.453335 

0.071716 0.058979 0.060316 0.101089 0.005039 0.044673 0.093349 0.105394 0.026228 0.020220 0.037831 0.081647 0.010677 0.015875 0.090566 0.065046 0.054453 0.005546 0.019924 0.031432;


model EX_EHO = MIX{BUR_EXT:0.761816796788931,BUR_HEL:0.744425646802117,BUR_OTH:0.532457759429489,EXP_EXT:1.5639387472863,EXP_HEL:2.06403411829438,EXP_OTH:1.43336795177594};