7	7	7	7	7	6
4	4	4	4	4	4
17	17	17	17	17	8
19	19	14	19	19	1
12	12	12	12	12	7
8	8	8	1	1	1
8	8	8	8	8	6
1	1	1	1	1	7
1	1	1	1	20	1
2	2	2	2	2	5
17	17	17	10	10	1
16	16	16	16	16	7
4	4	3	3	3	1
13	17	1	12	12	1
1	1	8	8	8	1
11	11	11	11	11	8
10	10	17	12	12	1
20	20	20	10	20	1
11	11	11	10	10	1
6	6	12	12	12	1
3	3	3	3	3	3
17	11	17	17	17	1
19	19	19	19	19	5
12	3	6	7	7	1
9	9	3	6	9	1
17	17	6	6	6	1
20	20	20	20	20	3
17	17	1	8	8	1
10	10	10	10	10	3
12	7	11	10	10	1
1	1	1	7	1	1
13	13	13	13	13	3
10	10	20	20	20	2
1	1	20	20	10	2
11	14	11	11	11	1
4	4	7	12	12	1
15	15	15	15	15	4
13	20	13	13	13	1
15	15	15	4	4	2
20	20	16	16	20	1
11	20	10	10	10	1
14	14	14	11	11	1
8	6	3	8	8	1
9	9	9	9	9	4
2	2	5	16	1	1
16	16	16	17	17	2
11	11	20	20	20	2
1	1	6	6	6	1
17	17	1	2	1	1
6	6	12	1	12	1
14	14	14	14	14	6
8	8	8	15	15	1
20	20	11	10	10	1
1	1	1	8	8	1
11	11	1	1	1	1
17	17	17	1	1	1
12	12	12	17	16	1
17	17	1	1	1	1
4	4	12	2	2	1
16	16	7	20	20	1
18	18	18	18	18	2
14	14	14	19	19	1
2	2	11	11	1	1
8	8	3	4	4	1
2	2	2	12	12	1
4	4	4	3	3	3
6	6	7	7	7	1
20	20	20	17	17	1
12	12	12	11	11	1
9	16	16	8	8	1
7	7	7	12	12	1
12	12	12	3	3	1
17	17	16	16	16	1
20	20	11	11	11	1
4	4	6	7	7	1
10	11	11	20	1	1
7	7	4	4	4	1
1	1	6	2	2	1
9	9	6	6	6	1
11	11	11	20	10	1
12	12	14	16	16	1
20	20	1	1	1	1
1	1	1	17	1	1
16	3	9	11	11	1
16	12	1	16	16	1
11	19	19	9	9	1
4	4	9	4	9	1
11	11	13	11	11	1
11	13	11	11	11	1
16	16	4	16	16	1
6	6	15	15	15	1
16	16	3	3	3	1
6	6	6	16	16	1
10	10	20	11	11	1
6	6	6	2	2	1
4	4	4	12	12	1
10	13	13	4	4	1
13	13	11	10	11	1
2	2	12	12	12	1
13	13	13	13	11	1
10	10	11	11	11	2
6	6	6	6	6	1
20	20	20	20	11	1
6	6	6	7	7	1
8	8	8	17	3	1
9	9	4	4	4	1
6	7	4	19	19	1
7	17	16	5	5	1
20	20	10	10	10	1
12	12	19	11	11	1
3	3	16	4	7	1
20	1	5	5	5	1
11	11	11	17	16	1
19	19	12	16	16	1
7	7	7	4	4	1
20	10	14	14	14	1
20	10	20	20	20	1
6	6	12	12	2	1
16	16	17	17	17	1
