1	1
2	1
3	2
4	3
5	4
6	5
7	6
8	7
9	1
10	8
11	9
12	10
13	11
14	3
15	12
16	13
17	14
18	15
19	16
20	17
21	18
22	19
23	20
24	21
25	10
26	16
27	22
28	23
29	24
30	25
31	26
32	27
33	28
34	29
35	30
36	31
37	32
38	29
39	33
40	34
41	1
42	35
43	23
44	36
45	37
46	38
47	39
48	23
49	27
50	40
51	41
52	3
53	42
54	43
55	44
56	45
57	46
58	12
59	12
60	37
61	2
62	7
63	47
64	48
65	49
66	50
67	51
68	52
69	29
70	53
71	44
72	54
73	55
74	51
75	56
76	7
77	8
78	57
79	58
80	51
81	59
82	60
83	61
84	16
85	62
86	46
87	21
88	7
89	39
90	1
91	63
92	44
93	64
94	5
95	65
96	66
97	47
98	12
99	67
100	68
101	10
102	69
103	70
104	8
105	27
106	71
107	3
108	72
109	73
110	74
111	8
112	7
113	23
114	75
115	23
116	16
117	3
118	76
119	77
120	2
121	78
122	8
123	79
124	2
125	21
126	5
127	66
128	80
129	51
130	10
131	5
132	81
133	10
134	82
135	12
136	83
137	37
138	84
139	61
140	5
141	32
142	85
143	51
144	5
145	86
146	5
147	8
148	34
149	3
150	87
151	8
152	88
153	89
154	3
155	90
156	51
157	91
158	16
159	92
160	93
161	33
162	1
163	32
164	94
165	95
166	96
167	97
168	98
169	99
170	100
171	101
172	102
173	103
174	104
175	44
176	16
177	37
178	105
179	106
180	107
181	108
182	109
183	110
184	66
185	7
186	12
187	16
188	111
189	112
190	3
191	12
192	113
193	114
194	115
195	116
196	101
197	117
198	118
199	16
200	119
