[ Exposed component ]
model ExpEX2 =
0.338649
0.201335 0.981635
0.283859 0.247537 6.505182
2.640244 0.904730 1.353325 0.312005
0.543136 4.570308 2.439639 0.682052 0.216787
0.748479 0.917979 0.804756 10.030310 0.024055 8.670112
2.700465 0.539246 0.810739 0.810727 0.701320 0.330139 0.636675
0.237686 3.175221 6.308043 1.540002 0.469875 8.675492 0.750683 0.183743
0.044209 0.099241 0.162644 0.020816 0.166986 0.082745 0.030581 0.005017 0.075820
0.124047 0.314159 0.088243 0.017526 0.449241 0.641784 0.073392 0.017752 0.277023 2.383760
0.433721 17.781822 2.851914 0.459939 0.117548 6.815411 3.482941 0.484653 1.247888 0.161658 0.219757
0.497479 0.448773 0.380964 0.057176 0.815999 2.089412 0.291379 0.054491 0.307450 2.817174 4.759683 1.082403
0.093991 0.055530 0.098936 0.026160 0.662517 0.091948 0.022760 0.034431 0.675645 0.521416 1.672365 0.077917 1.296869
0.986621 0.356417 0.214521 0.246129 0.164228 0.654039 0.295079 0.179095 0.428213 0.037671 0.170780 0.347219 0.074086 0.057233
5.925588 0.979993 4.725421 1.158990 5.111992 1.120931 0.737456 2.279470 0.886126 0.051057 0.089611 0.925355 0.275366 0.274582 1.151114
1.958501 0.630713 2.007592 0.289641 2.284140 0.787821 0.539892 0.097432 0.467489 0.644041 0.202812 1.401676 1.340732 0.103118 0.601281 8.190534
0.068357 0.784449 0.109073 0.085810 0.457880 0.297731 0.155877 0.157418 0.708743 0.054134 0.374568 0.115777 0.477495 2.362999 0.047127 0.209085 0.097054
0.084768 0.312038 0.615093 0.202611 0.788164 0.293543 0.137306 0.035497 4.938330 0.101803 0.180086 0.280737 0.264540 8.142914 0.059308 0.264401 0.133054 2.905674
1.387752 0.140091 0.112176 0.058637 1.575057 0.203946 0.239406 0.044011 0.085226 6.427279 1.035942 0.244336 1.033583 0.278010 0.213475 0.079878 1.592560 0.081135 0.108383

0.123119 0.019475 0.019852 0.018583 0.018711 0.017275 0.018723 0.050388 0.016402 0.119697 0.161399 0.012776 0.035838 0.057019 0.030913 0.043472 0.049935 0.012600 0.039929 0.133894

[ Buried component ]
model BurEX2 =
0.526738
0.483150 0.505837
0.658902 0.051052 3.902456
2.051872 2.214326 0.961103 0.129989
1.280002 2.039552 1.301786 0.399061 0.456521
1.306565 0.137928 0.285806 3.100403 0.033946 2.514377
1.370782 0.363365 1.820100 0.885317 0.886564 0.320746 0.303966
0.540809 2.288922 4.949307 0.700890 2.172284 3.755421 0.270957 0.401311
0.171986 0.237023 0.337226 0.018315 1.037046 0.212032 0.084442 0.012279 0.317239
0.430511 0.670514 0.158937 0.021949 1.702066 1.261113 0.110508 0.052946 0.869247 8.675343
0.697731 3.881079 1.677194 0.105450 0.146263 2.570254 0.730337 0.279865 0.598289 0.338782 0.313102
1.043937 0.656943 0.539827 0.066925 1.846562 1.973592 0.188160 0.158136 0.519993 9.483497 14.176858 1.013268
0.265209 0.097443 0.182522 0.026918 3.002586 0.080193 0.023999 0.084663 2.047163 2.193062 4.802817 0.044792 3.261401
1.270693 0.166534 0.068692 0.228829 0.156216 0.362501 0.214847 0.148900 0.323141 0.071992 0.343919 0.195470 0.099252 0.087020
4.826665 0.751947 4.412265 0.975564 5.294149 1.033459 0.382235 1.970857 0.993310 0.190509 0.389101 0.592156 0.557254 0.668834 1.223981
2.131819 0.584329 2.133604 0.368887 2.067387 1.013613 0.511390 0.174527 0.580960 2.563630 0.522334 1.147459 2.960091 0.244420 0.413148 7.384701
0.143081 0.475590 0.061094 0.042618 1.603125 0.210329 0.048276 0.186382 0.961546 0.208313 1.130724 0.052858 1.328785 5.210001 0.045945 0.316078 0.144393
0.208643 0.196271 0.599369 0.121313 3.842632 0.158470 0.064648 0.039280 8.230282 0.517123 0.713426 0.084962 0.812142 23.228875 0.043249 0.405310 0.234217 4.903887
2.544463 0.313443 0.172264 0.073705 4.207648 0.497398 0.484620 0.132496 0.329895 23.711178 3.466991 0.348362 4.136445 1.199764 0.368231 0.266531 3.184874 0.252132 0.459187

0.088367 0.078147 0.047163 0.087976 0.004517 0.058526 0.128039 0.056993 0.024856 0.025277 0.045202 0.094639 0.012338 0.016158 0.060124 0.055346 0.051290 0.006771 0.021554 0.036718
