     1    200    119


 1

     1      7    -3.3689394037   0.034426130214       6.8852  AAAAA
     2      1    -7.6136775652   0.000493653075       0.0987  AAALL
     3      1    -6.8710995714   0.001037335812       0.2075  AAATT
     4      1    -6.6249735481   0.001326815527       0.2654  AAAVV
     5      1    -8.5255475766   0.000198336083       0.0397  AAVAA
     6      1    -9.3764817452   0.000084692649       0.0169  AEAAA
     7      1    -6.7944547170   0.001119968502       0.2240  AGGAA
     8      1    -9.3062909355   0.000090850893       0.0182  AGGTT
     9      1   -15.1301997761   0.000000268558       0.0001  AKKMT
    10      1   -13.0764049143   0.000002094062       0.0004  ARATT
    11      1   -13.3046255598   0.000001666766       0.0003  ASSSK
    12      1    -8.8949160857   0.000137084082       0.0274  ATAAA
    13      1   -11.9926810896   0.000006189346       0.0012  CCCVA
    14      1   -14.5283051672   0.000000490272       0.0001  CSARR
    15      4    -3.6410679721   0.026224322160       5.2449  DDDDD
    16      1    -5.9915099660   0.002499886455       0.5000  DDDEE
    17      1    -8.6528924569   0.000174621033       0.0349  DDDHH
    18      1    -8.2765708326   0.000254408114       0.0509  DKKDD
    19      3    -6.7058080701   0.001223783402       0.2448  DNNDD
    20      1   -10.1470055800   0.000039193267       0.0078  DSSSS
    21      1   -14.8938528719   0.000000340159       0.0001  DYYQE
    22      1    -6.0195584680   0.002430742609       0.4861  EDDEE
    23      6    -3.3269898270   0.035901010832       7.1802  EEEEE
    24      1    -6.5816349232   0.001385582122       0.2771  EEEQQ
    25      1    -8.6970076610   0.000167085039       0.0334  EKKDD
    26      1    -6.8167907017   0.001095230209       0.2190  EKKEE
    27      1   -11.7983117725   0.000007517238       0.0015  EVVSS
    28      6    -3.8392381286   0.021509982944       4.3020  FFFFF
    29      1   -10.1404275044   0.000039451933       0.0079  FFFVI
    30      1    -6.5255853488   0.001465461090       0.2931  FLLFF
    31      1   -13.8205652198   0.000000994958       0.0002  FSSKK
    32      1    -6.5257370947   0.001465238729       0.2930  FYYFF
    33      1    -8.1228322766   0.000296687169       0.0593  FYYYY
    34      1    -6.5163302173   0.001479087083       0.2958  GAAGG
    35      1    -6.4623437245   0.001561132555       0.3122  GGGAA
    36      6    -3.3342497651   0.035641315544       7.1283  GGGGG
    37      1    -8.7668256145   0.000155817421       0.0312  GPPGG
    38      1   -11.7489724549   0.000007897436       0.0016  GTNGG
    39      1   -14.2601195972   0.000000641075       0.0001  HDHDD
    40      4    -4.6478803165   0.009581890996       1.9164  HHHHH
    41      1   -14.6532829238   0.000000432673       0.0001  HLLSN
    42      3    -3.7410717387   0.023728658576       4.7457  IIIII
    43      1    -9.7443701949   0.000058623777       0.0117  IIILV
    44      1    -5.6517736651   0.003511283408       0.7023  IIIVV
    45      1   -12.6212697352   0.000003301051       0.0007  KAKQQ
    46      7    -3.5067658528   0.029993761984       5.9988  KKKKK
    47      1    -6.9436896286   0.000964703625       0.1929  KKKQQ
    48      1    -5.9506025685   0.002604270794       0.5209  KKKRR
    49      1   -10.3779348955   0.000031111442       0.0062  KKRQQ
    50      1    -8.6106825719   0.000182149538       0.0364  KLLKK
    51      1    -7.3667681223   0.000631907129       0.1264  KNNKK
    52      1    -9.6809282405   0.000062463496       0.0125  KRRDD
    53      1   -12.5874434876   0.000003414623       0.0007  KSSYY
    54      1   -10.6153419202   0.000024536668       0.0049  KTSKK
    55      1   -14.0677834950   0.000000777033       0.0002  LIIKE
    56      1    -5.7999329864   0.003027757640       0.6056  LIILL
    57      1    -8.2164329728   0.000270177077       0.0540  LIIVV
    58      1   -10.2399329997   0.000035715242       0.0071  LILMM
    59      1   -13.8501350679   0.000000965968       0.0002  LLARR
    60      2    -5.7480259249   0.003189070051       0.6378  LLLII
    61      1    -8.5067463490   0.000202100320       0.0404  LLLLF
    62      8    -2.9614883857   0.051741848005      10.3484  LLLLL
    63      1    -8.1555305675   0.000287142897       0.0574  LLLLM
    64      1    -6.2384488238   0.001952882439       0.3906  LLLVV
    65      1   -10.8332349349   0.000019732670       0.0039  LTSLL
    66      1   -13.4223168550   0.000001481705       0.0003  LVAIL
    67      1    -8.2458214588   0.000262352521       0.0525  LVILL
    68      1   -15.1216703500   0.000000270858       0.0001  MDDIM
    69      1    -7.5453144319   0.000528581036       0.1057  MLLLL
    70      1    -8.9484773354   0.000129934857       0.0260  MMLMM
    71      3    -4.8307286113   0.007980704315       1.5961  MMMMM
    72      1   -10.7003091174   0.000022537970       0.0045  MMMMV
    73      1    -9.5208415520   0.000073307946       0.0147  NDDGG
    74      1   -15.8263394011   0.000000133878       0.0000  NGGGQ
    75      1    -6.8161052841   0.001095981156       0.2192  NNNDD
    76      3    -4.0590437473   0.017265521425       3.4531  NNNNN
    77      1    -7.0220378411   0.000892005873       0.1784  NNNSS
    78      1   -14.0125699796   0.000000821142       0.0002  NQHHH
    79      2    -8.4569358178   0.000212421974       0.0425  PDDPP
    80      4    -3.5327150581   0.029225459231       5.8451  PPPPP
    81      1    -8.3833711524   0.000228637872       0.0457  PPPQQ
    82      1    -9.7420661567   0.000058759004       0.0118  QEEDD
    83      1   -13.0518458903   0.000002146127       0.0004  QEEKN
    84      1    -6.8252798695   0.001085971969       0.2172  QEEQQ
    85      1    -7.9850991382   0.000340498738       0.0681  QQQAA
    86      1    -7.8659034827   0.000383602583       0.0767  QQQHH
    87      1    -4.1207780138   0.016231880900       3.2464  QQQQQ
    88      1    -8.2883198458   0.000251436560       0.0503  QQQTT
    89      1   -10.1006930037   0.000041051097       0.0082  QRRAA
    90      1    -7.3761317074   0.000626017828       0.1252  QRRQQ
    91      1    -8.1355465909   0.000292938874       0.0586  QSSQQ
    92      1    -5.9551455729   0.002592466414       0.5185  RKKRR
    93      5    -3.5995417510   0.027336246385       5.4672  RRRRR
    94      1   -15.3788720806   0.000000209431       0.0000  SCCET
    95      1   -12.6225698955   0.000003296762       0.0007  SDENN
    96      1   -13.7840042991   0.000001032008       0.0002  SGGHS
    97      7    -3.7856622770   0.022693828199       4.5388  SSSSS
    98      1    -6.4339238276   0.001606136252       0.3212  SSSTT
    99      1   -14.9240755243   0.000000330032       0.0001  SSVVV
   100      2    -6.4758639070   0.001540167801       0.3080  STTSS
   101      1    -6.9951104365   0.000916351589       0.1833  TAATT
   102      1    -7.9163597406   0.000364727616       0.0729  TIITT
   103      1   -10.6967275704   0.000022618835       0.0045  TKKII
   104      1    -6.3736157901   0.001705979596       0.3412  TTTSS
   105      1   -10.9976968979   0.000016740211       0.0033  TTTTL
   106      8    -3.8404131167   0.021484723813       4.2969  TTTTT
   107      1    -7.3254764937   0.000658545796       0.1317  VIVVV
   108      1    -7.5920013759   0.000504470408       0.1009  VLLII
   109      1    -7.2461810582   0.000712891689       0.1426  VTTVV
   110      2    -9.5118673796   0.000073968785       0.0148  VVIAA
   111      1    -8.7501132952   0.000158443373       0.0317  VVLVV
   112      2    -5.6276604510   0.003596980804       0.7194  VVVII
   113      2    -6.4762917223   0.001539509034       0.3079  VVVLL
   114      1    -7.4972063985   0.000554631628       0.1109  VVVVI
   115      3    -3.6004181159   0.027312300352       5.4625  VVVVV
   116      2    -4.8499614533   0.007828679314       1.5657  WWWWW
   117      1   -13.6099420611   0.000001228223       0.0002  YHHLY
   118      1   -12.3530982300   0.000004316359       0.0009  YLLKK
   119      5    -3.9925541023   0.018452524247       3.6905  YYYYY