

TREE # 1
   1   1340.01359 x   0.40175  0.06312  0.06215  0.43416  0.05478  0.05188  0.02980  1.38975
   2   1339.47063 x   0.42970  0.06478  0.06324  0.45543  0.05794  0.05304  0.02663  1.06618
   3   1339.43230 x   0.44163  0.06522  0.06383  0.46398  0.05800  0.05321  0.02427  1.02153
   4   1339.42561 x   0.44779  0.06520  0.06414  0.46853  0.05821  0.05306  0.02300  1.00203
   5   1339.42501 x   0.44861  0.06518  0.06416  0.46929  0.05824  0.05304  0.02277  0.99354
   6   1339.42497 x   0.44897  0.06519  0.06417  0.46958  0.05827  0.05303  0.02269  0.99228
   7   1339.42497 x   0.44911  0.06519  0.06418  0.46969  0.05828  0.05302  0.02265  0.99177
   8   1339.42497 x   0.44917  0.06519  0.06418  0.46973  0.05828  0.05302  0.02264  0.99157
   9   1339.42497 x   0.44919  0.06519  0.06418  0.46975  0.05828  0.05302  0.02264  0.99150
  10   1339.42497 x   0.44920  0.06519  0.06418  0.46975  0.05829  0.05302  0.02263  0.99147
