0.138658765      
0.053366579      0.161000889      
0.584852306      0.006771843      7.737392871      
0.026447095      0.167207008      1.30E-05         1.41E-02         
0.353753982      3.292716942      0.530642655      0.145469388      0.002547334      
1.484234503      0.124897617      0.061652192      5.370511279      3.91E-11         1.195629122      
1.132313122      1.190624465      0.322524648      1.934832784      0.116941459      0.108051341      1.593098825      
0.214757862      1.879569938      1.387096032      0.887570549      2.18E-02         5.330313412      0.256491863      0.058774527      
0.149926734      0.246117172      0.218571975      0.014085917      0.001112158      0.02883995       1.42E-02         1.63E-05         0.243190142      
0.023116952      0.296045557      8.36E-04         0.005730682      0.005613627      1.020366955      0.016499536      0.006516229      0.321611694      3.512072282      
0.47433361       15.30009662      2.646847965      0.29004298       3.83E-06         2.559587177      3.881488809      0.264148929      0.347302791      0.227707997      0.129223639      
0.058745423      0.890162346      0.005251688      0.041762964      0.11145731       0.190259181      0.313974351      0.001500467      0.001273509      9.017954203      6.746936485      1.331291619      
0.080490909      1.61E-02         8.36E-04         1.06E-06         0.104053666      0.032680657      0.001003501      0.001236645      0.119028506      1.463357278      2.986800036      3.20E-01         0.279910509      
0.659311478      0.15402718       3.64E-02         0.188539456      1.59E-13         0.712769599      0.319558828      0.038631761      0.924466914      0.080543327      0.634308521      0.195750632      5.69E-02         0.00713243       
3.011344519      0.95013841       3.881310531      0.338372183      0.336263345      0.487822499      0.307140298      1.585646577      0.58070425       0.290381075      0.570766693      0.283807672      0.007026588      0.99668567       2.087385344      
5.418298175      0.183076905      2.140332316      0.135481233      0.011975266      0.602340963      0.280124895      0.01880803       0.368713573      2.904052286      0.044926357      1.5269642        2.031511321      0.000134906      0.542251094      2.206859934      
1.96E-01         1.369429408      5.36E-04         1.49E-05         0.09410668       4.40E-02         0.155245492      0.196486447      2.24E-02         0.03213215       0.431277663      4.98E-05         0.070460039      0.814753094      0.000431021      0.099835753      0.207066206      
0.018289288      0.099855497      0.373101927      0.525398543      0.601692431      0.072205935      0.10409287       0.074814997      6.448954446      0.273934263      0.340058468      0.012416222      0.874272175      5.393924245      1.82E-04         0.39255224       0.12489802       0.42775543       
3.53200527       0.103964386      0.010257517      0.297123975      0.054904564      0.406697814      0.285047948      0.337229619      0.098631355      14.39405219      0.890598579      0.07312793       4.904842235      0.592587985      0.058971975      0.088256423      0.654109108      0.256900461      0.167581647     

0.0471 0.0509 0.0742 0.0479 0.025 0.0333 0.0546 0.0764 0.02 0.0671 0.0715 0.0568 0.0181 0.0305 0.0507 0.0884 0.0743 0.0185 0.0315 0.0632
