

TREE #  1
   1   5557.40829 x   0.07870  0.23127  0.28821  0.14319  0.04647  0.12462  0.25227  0.23615  0.05882  0.03817  0.15083  0.03745  0.41212  0.12186  0.13372  0.17370  0.27107  0.80043  0.02293  0.10513  0.23793  0.35346  0.08382  0.35799  0.39598  0.71901  0.06575  0.07063  0.49966  0.31313  0.00000  0.01014  0.12067  0.32020  0.29955  0.00000  0.01693  0.85689  1.08397  0.68252  0.94853  0.88410  2.04429
   2   5501.37342 x   0.07692  0.21535  0.26132  0.13710  0.04569  0.12037  0.24029  0.21361  0.05707  0.03839  0.14006  0.06744  0.33945  0.11615  0.12784  0.16606  0.25164  0.66542  0.00598  0.17503  0.09451  0.32375  0.06852  0.31500  0.37359  0.56589  0.07948  0.07041  0.43155  0.28279  0.00000  0.01000  0.10932  0.29521  0.27710  0.00000  0.01684  1.14459  1.36240  1.16528  1.08998  1.17023  7.82609
   3   5490.16599 x   0.07394  0.20622  0.25221  0.13537  0.04599  0.11466  0.23294  0.20815  0.05653  0.03832  0.13679  0.05754  0.32406  0.10945  0.12630  0.16324  0.24858  0.62407  0.00527  0.16396  0.08606  0.31220  0.06107  0.30511  0.35715  0.52731  0.07691  0.05806  0.41276  0.27703  0.00000  0.01002  0.10467  0.28476  0.26865  0.00030  0.01650  0.96866  1.17188  0.96987  0.98103  0.97765 314.03436
   4   5490.00380 x   0.07752  0.20652  0.25216  0.13522  0.04593  0.11636  0.23339  0.20778  0.05663  0.03817  0.13894  0.07250  0.31649  0.11096  0.12703  0.16275  0.24725  0.61834  0.00671  0.17294  0.08844  0.31536  0.06366  0.30373  0.35711  0.52730  0.07805  0.06266  0.41226  0.27505  0.00000  0.01002  0.10650  0.28511  0.26794  0.00047  0.01634  0.97129  1.16922  0.97083  0.98323  0.97549 314.03436
   5   5489.98776 x   0.07726  0.20651  0.25215  0.13529  0.04590  0.11624  0.23332  0.20793  0.05664  0.03820  0.13784  0.08004  0.31022  0.11115  0.12738  0.16248  0.24727  0.61438  0.00556  0.17159  0.08809  0.31439  0.06469  0.30366  0.35698  0.52765  0.07758  0.06361  0.41218  0.27462  0.00000  0.01002  0.10691  0.28495  0.26769  0.00061  0.01621  0.97022  1.17016  0.97138  0.98263  0.97808 314.03436
   6   5489.98749 x   0.07725  0.20652  0.25213  0.13529  0.04590  0.11623  0.23332  0.20793  0.05664  0.03820  0.13784  0.08039  0.30997  0.11115  0.12739  0.16247  0.24726  0.61420  0.00555  0.17161  0.08809  0.31436  0.06468  0.30365  0.35700  0.52762  0.07755  0.06364  0.41216  0.27461  0.00000  0.01002  0.10693  0.28493  0.26768  0.00062  0.01620  0.97214  1.17217  0.97350  0.98442  0.98054 314.03438
   7   5489.98748 x   0.07726  0.20652  0.25213  0.13529  0.04590  0.11623  0.23332  0.20793  0.05664  0.03820  0.13784  0.08053  0.30988  0.11115  0.12739  0.16246  0.24726  0.61413  0.00555  0.17162  0.08809  0.31436  0.06468  0.30365  0.35700  0.52761  0.07753  0.06364  0.41216  0.27461  0.00000  0.01002  0.10694  0.28492  0.26767  0.00062  0.01619  0.97212  1.17217  0.97354  0.98441  0.98059 314.03438
   8   5489.98748 x   0.07726  0.20653  0.25213  0.13529  0.04589  0.11623  0.23331  0.20793  0.05664  0.03820  0.13784  0.08058  0.30984  0.11115  0.12740  0.16246  0.24726  0.61411  0.00555  0.17162  0.08809  0.31436  0.06468  0.30365  0.35700  0.52761  0.07753  0.06364  0.41216  0.27461  0.00000  0.01002  0.10694  0.28492  0.26767  0.00062  0.01619  0.97216  1.17223  0.97359  0.98445  0.98064 314.03440
   9   5489.98748 x   0.07726  0.20653  0.25213  0.13529  0.04589  0.11623  0.23331  0.20793  0.05664  0.03820  0.13784  0.08060  0.30983  0.11115  0.12740  0.16246  0.24726  0.61410  0.00555  0.17162  0.08809  0.31436  0.06468  0.30365  0.35700  0.52761  0.07753  0.06364  0.41216  0.27461  0.00000  0.01002  0.10694  0.28492  0.26767  0.00062  0.01619  0.97216  1.17223  0.97359  0.98445  0.98065 314.03442
