Gen	t_n6	t_n7	t_n8	t_n9	mu	sigma2	r_n1	r_n2	r_n3	r_n4	r_n5	r_n7	r_n8	r_n9	lnL
1	12.0488204	9.5792419	2.9273177	1.8340898	0.0151942	0.2069020	0.0091279	0.0199753	0.0280808	0.0189412	0.0155259	0.0174277	0.0488866	0.0435229	-5.707
10	11.3749748	9.6055252	1.7285846	0.8684003	0.0089566	0.2019056	0.0018951	0.0439879	0.0371364	0.0543863	0.0447386	0.0159374	0.0608614	0.0477592	-1.216
20	11.7661616	9.7147572	1.2659436	2.4146899	0.0203223	0.1147291	0.0044806	0.0466572	0.0492733	0.0318408	0.0131557	0.0165486	0.0495914	0.0487153	-1.772
30	11.8463651	11.1100188	2.0995720	4.1306938	0.0095509	0.1957556	0.0071154	0.0261592	0.0328115	0.0174905	0.0094656	0.0095710	0.0388036	0.0450867	-2.505
40	10.9766352	8.8034303	2.3405444	1.9128393	0.0210938	0.1700977	0.0043876	0.0106247	0.0207953	0.0289178	0.0427818	0.0366882	0.0448130	0.0561293	-7.112
50	11.2907074	11.0053023	3.1891893	1.7389299	0.0267367	0.3165275	0.0024285	0.0159578	0.0133604	0.0252570	0.0338922	0.0326473	0.0553277	0.0389261	-1.934
60	8.9184297	8.4974421	1.5717219	0.9091609	0.0298820	0.1070733	0.0145536	0.0619711	0.0660092	0.0795335	0.0968663	0.0294712	0.0539650	0.0562914	-5.277
70	9.3131875	6.7671152	1.1085561	1.0210544	0.0308112	0.0736348	0.0225535	0.0618495	0.0807941	0.0590506	0.0670802	0.0286824	0.0751129	0.0650922	-5.971
80	8.4537684	7.9459638	1.2558339	0.8270731	0.0329249	0.1479338	0.0159663	0.0525753	0.0414569	0.0645695	0.0543176	0.0442246	0.0526505	0.0652111	-3.171
90	9.0833058	8.8880865	1.5283491	1.5420246	0.0295178	0.1690826	0.0105901	0.0389985	0.0508317	0.0428273	0.0360275	0.0343337	0.0541799	0.0484696	-1.762
100	10.8412248	10.4248533	1.5373632	1.5424356	0.0292948	0.0524721	0.0070194	0.0372299	0.0427450	0.0363216	0.0386723	0.0282499	0.0430972	0.0409274	-1.447
110	9.9987859	9.6849480	1.5738703	1.6214177	0.0154880	0.0843441	0.0068247	0.0301214	0.0274758	0.0380051	0.0375993	0.0171537	0.0491495	0.0494284	-1.968
120	10.6831458	10.5321726	1.1182070	1.9621045	0.0213272	0.0943160	0.0114345	0.0699519	0.0699350	0.0181192	0.0255653	0.0213847	0.0462756	0.0387686	-3.811
130	8.8360715	7.3757526	1.7643287	1.9265710	0.0119112	0.3418977	0.0087352	0.0570371	0.0537132	0.0429391	0.0195815	0.0111896	0.0976533	0.0766153	-4.675
140	10.3924004	9.4418069	2.0210354	2.6671404	0.0358566	0.1822604	0.0090548	0.0469506	0.0361711	0.0123085	0.0302254	0.0296708	0.0470526	0.0674331	-4.662
150	8.1606302	7.9292599	1.8910863	1.0504086	0.0297415	0.1871282	0.0094604	0.0313245	0.0217826	0.0426107	0.0216358	0.0266092	0.0661786	0.0522704	-3.333
160	8.7940838	8.0175006	1.0731486	1.4533438	0.0261963	0.0205399	0.0111998	0.0458709	0.0470188	0.0490754	0.0534638	0.0305063	0.0434054	0.0503860	-5.106
170	11.5540390	11.0924074	2.5228465	1.5539107	0.0206206	0.0602717	0.0102592	0.0324896	0.0230603	0.0359452	0.0399039	0.0207772	0.0644346	0.0403575	-3.824
180	8.8912555	8.6912733	2.3558519	1.0939894	0.0249845	0.1752536	0.0098757	0.0368167	0.0327374	0.0435522	0.0270193	0.0279099	0.0531182	0.0525517	-3.981
190	9.1088260	7.7952624	1.2975005	1.7486814	0.0283547	0.0790942	0.0141156	0.0478773	0.0580158	0.0478673	0.0334273	0.0247617	0.0576205	0.0764614	-3.126
200	11.5803875	8.3766201	1.9732808	1.3631536	0.0270137	0.0416748	0.0103934	0.0352523	0.0427174	0.0352449	0.0497268	0.0261859	0.0368066	0.0525444	-8.214
210	10.5454514	7.7809533	0.8135431	1.1150202	0.0150803	0.0839427	0.0052809	0.0447324	0.0484996	0.0221870	0.0242876	0.0183545	0.0419941	0.0510137	-7.360
220	11.1275139	10.0721900	1.2509295	2.6389060	0.0187685	0.1097967	0.0081385	0.0270846	0.0428928	0.0243105	0.0138924	0.0267091	0.0340441	0.0436105	-4.025
230	8.9588260	7.8444739	2.3538844	1.5439509	0.0437542	0.0640517	0.0362368	0.0264527	0.0385145	0.0433238	0.0397677	0.0492100	0.0653641	0.0583410	-7.930
240	11.2663244	10.9383753	1.4329941	1.0752824	0.0349520	0.1646340	0.0032867	0.0284787	0.0303230	0.0875459	0.0378473	0.0441819	0.0412823	0.0479101	-2.586
250	8.5963515	6.5165444	1.3488124	1.3193976	0.0430313	0.0189119	0.0351094	0.0341578	0.0398655	0.0486155	0.0409850	0.0393087	0.0508734	0.0578955	-9.428
260	11.7064691	10.8272006	2.3687413	0.9779734	0.0367487	0.0566098	0.0084087	0.0244153	0.0158481	0.0489061	0.0395912	0.0411532	0.0362179	0.0516533	-5.428
270	10.4582157	9.8186237	2.1517931	1.3453525	0.0419717	0.0849611	0.0200806	0.0307121	0.0186965	0.0624860	0.0316185	0.0427591	0.0427709	0.0371080	-5.525
280	9.0428320	8.5500260	2.0673323	0.7697759	0.0410688	0.0676035	0.0300858	0.0337058	0.0332643	0.0611418	0.0599363	0.0368674	0.0619214	0.0576039	-6.225
290	10.7000608	10.0784309	1.9077727	1.5294354	0.0311357	0.0705053	0.0120080	0.0320229	0.0442647	0.0372641	0.0575911	0.0351698	0.0408482	0.0344683	-5.588
300	9.4218164	8.6532829	2.7735776	2.4271584	0.0359635	0.1115603	0.0116384	0.0281542	0.0297430	0.0361172	0.0210808	0.0317176	0.0644996	0.0449065	-4.981
310	10.7324373	9.4401130	1.5531715	1.4666100	0.0149872	0.1350899	0.0039873	0.0525387	0.0291957	0.0389423	0.0395887	0.0216764	0.0620991	0.0612341	-1.424
320	11.2168333	10.2967413	4.4253964	4.7419270	0.0394546	0.1852132	0.0067568	0.0081262	0.0204431	0.0104921	0.0144008	0.0501939	0.0587814	0.0600365	-3.796
330	9.4622008	8.4213588	2.6404436	3.5905923	0.0439498	0.1387717	0.0101600	0.0112851	0.0305664	0.0151131	0.0274054	0.0310877	0.0773948	0.0914036	-5.060
340	11.9529213	11.8619127	5.7830496	1.6822459	0.0283344	0.1389622	0.0041401	0.0091972	0.0057635	0.0330402	0.0391263	0.0310877	0.0551077	0.0427262	-3.025
350	7.8963174	7.3603128	1.7696823	0.6321840	0.0337732	0.2332923	0.0147873	0.0293396	0.0629220	0.0772746	0.0630560	0.0339665	0.0839574	0.0765819	-4.483
360	10.0684362	8.2454350	1.7760778	1.0161547	0.0243763	0.1638944	0.0061493	0.0209664	0.0508374	0.0283134	0.0324273	0.0224107	0.0506367	0.0501088	-5.249
370	7.5071516	7.0365799	1.7098793	3.5681023	0.0784459	0.1806066	0.0142334	0.0391476	0.0576696	0.0256143	0.0132539	0.0657260	0.0508168	0.0991456	-5.380
380	11.6588460	10.3654819	4.1133584	3.1972278	0.0373979	0.3616290	0.0135958	0.0250474	0.0194595	0.0218496	0.0096868	0.0309530	0.0687069	0.0588041	-5.259
390	8.1663571	7.1517204	2.2855342	1.3307435	0.0371055	0.0767547	0.0129986	0.0370891	0.0294243	0.0780554	0.0651609	0.0554977	0.0630066	0.0487867	-8.452
400	10.7145670	10.2274306	1.7624438	1.7786653	0.0282808	0.0347953	0.0099072	0.0314172	0.0359516	0.0254962	0.0157866	0.0285312	0.0388047	0.0318378	-5.322
410	9.4483467	9.2908585	1.8846616	2.0028792	0.0400102	0.2952552	0.0040054	0.0200952	0.0302838	0.0155770	0.0353468	0.0360597	0.0728690	0.0608591	-2.627
420	9.8615294	9.6101332	1.8478692	1.2171802	0.0213355	0.0689522	0.0067127	0.0297498	0.0250367	0.0356506	0.0338759	0.0227853	0.0598030	0.0553598	-1.716
430	11.3725334	11.2269229	1.8105107	2.2078196	0.0182630	0.4200105	0.0041021	0.0293376	0.0343660	0.0152053	0.0257307	0.0195039	0.0302625	0.0362562	-4.821
440	9.3394201	7.2756977	0.7953323	1.8179498	0.0268169	0.1675976	0.0062242	0.0929078	0.0691045	0.0267869	0.0259334	0.0261308	0.0686155	0.0580759	-3.069
450	9.7274705	6.0864631	1.3888971	1.2723742	0.0135495	0.0838466	0.0061223	0.0486093	0.0417407	0.0686344	0.0509285	0.0312640	0.0796403	0.0695261	-4.211
460	10.8794437	6.2601658	1.3224127	0.7935243	0.0101238	0.1647563	0.0017890	0.0288833	0.0406288	0.0435381	0.0428805	0.0295717	0.0661002	0.0510529	-6.096
470	11.0059883	7.9108634	1.7546009	1.7070747	0.0155160	0.1148621	0.0047011	0.0236179	0.0319800	0.0356050	0.0243484	0.0243939	0.0567324	0.0609825	-2.445
480	8.9815089	8.8254072	1.7159025	1.7905658	0.0173738	0.2338204	0.0079531	0.0254022	0.0373645	0.0367854	0.0262523	0.0193055	0.0677487	0.0630042	-1.535
490	11.9837875	10.8726204	1.8302889	2.0523831	0.0167987	0.0812118	0.0158767	0.0342508	0.0419328	0.0230382	0.0272374	0.0179850	0.0446111	0.0374585	-4.221
500	9.7326784	8.1464718	1.3255139	1.4929928	0.0397995	0.0367026	0.0218254	0.0470838	0.0531516	0.0316701	0.0374427	0.0508670	0.0579567	0.0399346	-7.412
510	10.7906717	10.4287293	1.3816280	1.9891338	0.0444228	0.1233685	0.0087239	0.0560627	0.0625020	0.0386150	0.0287818	0.0474871	0.0358813	0.0400626	-3.580
520	9.1552687	7.3145221	1.1030820	1.8586074	0.0196598	0.1593725	0.0036565	0.0441002	0.0597935	0.0291626	0.0351990	0.0332983	0.0641450	0.0633275	-2.103
530	9.4948427	8.7651973	1.2374137	1.8922727	0.0306709	0.0512632	0.0128076	0.0594560	0.0538236	0.0346674	0.0345728	0.0317478	0.0630038	0.0672778	-2.706
540	8.2421327	6.8042002	0.6293014	0.7988418	0.0364515	0.1840250	0.0086774	0.0836242	0.0998875	0.0738298	0.0469688	0.0338683	0.0627394	0.0736380	-1.776
550	8.8136928	6.6796103	0.6541411	1.1885711	0.0240325	0.1046319	0.0029928	0.1157974	0.0818788	0.0738298	0.1038082	0.0231833	0.0723447	0.0736380	-6.386
560	8.5120110	8.0899734	0.9057430	1.6304068	0.0218677	0.1277792	0.0194590	0.0322595	0.0371307	0.0272023	0.0219714	0.0227711	0.0452627	0.0665879	-6.789
570	11.8113295	10.2605058	2.3293310	2.2242279	0.0325738	0.1518027	0.0052496	0.0404639	0.0411323	0.0215289	0.0367317	0.0322457	0.0594142	0.0727655	-4.806
580	11.6302350	8.7119638	1.7593248	2.4712705	0.0457462	0.2334769	0.0074681	0.0280663	0.0330002	0.0357123	0.0359972	0.0371725	0.0569161	0.0496894	-7.547
590	11.7590057	9.4936178	2.0017816	1.5768255	0.0439012	0.0340318	0.0152368	0.0313754	0.0234181	0.0163794	0.0220349	0.0496436	0.0435271	0.0469637	-8.728
600	7.9581787	7.7604964	2.3041664	2.4913061	0.0412408	0.1605340	0.0077591	0.0186617	0.0288112	0.0239509	0.0157083	0.0542521	0.0666775	0.0571290	-2.920
610	11.1091239	7.3629857	1.9689390	0.7490724	0.0320054	0.0436895	0.0151798	0.0264227	0.0324663	0.0517465	0.0415000	0.0375552	0.0478220	0.0583954	-9.347
620	8.0768649	6.8437803	0.9949160	1.4452883	0.0196000	0.3135944	0.0008453	0.0731519	0.0453358	0.0661545	0.0524824	0.0429697	0.0848816	0.0849232	-3.538
630	9.8520907	8.8525629	0.8933887	2.7274774	0.0338908	0.1906791	0.0081179	0.0968860	0.1103474	0.0127319	0.0150509	0.0355671	0.0553128	0.0607724	-4.903
640	11.1711114	9.9312202	1.2743080	3.1127883	0.0280998	0.0713020	0.0189141	0.0355860	0.0598383	0.0133368	0.0242158	0.0381188	0.0395428	0.0491358	-6.080
650	9.0255606	8.8826921	1.8197658	2.8612716	0.0279075	0.1180348	0.0080437	0.0325188	0.0421274	0.0172793	0.0132426	0.0309252	0.0555232	0.0425434	-5.028
660	10.6216540	10.5113102	1.9006522	1.8537538	0.0206452	0.0952842	0.0054416	0.0193577	0.0330624	0.0342516	0.0249835	0.0217489	0.0499636	0.0436022	-1.655
670	8.4611506	7.4919330	2.2861471	1.2702806	0.0121105	0.1743753	0.0225965	0.0273782	0.0447838	0.0524804	0.0466973	0.0148562	0.0616080	0.0477271	-5.913
680	9.0680530	7.5071156	1.2752713	0.9976383	0.0167281	0.0754588	0.0126593	0.0617444	0.0613497	0.0425189	0.0557732	0.0272380	0.0513054	0.0608220	-4.284
690	11.0381858	10.5422983	1.1636856	1.1924132	0.0224821	0.0421736	0.0089965	0.0400120	0.0435991	0.0340851	0.0396361	0.0207519	0.0287221	0.0406620	-4.724
700	9.2968583	9.1815611	1.5687084	1.0680322	0.0803021	0.1123964	0.0066453	0.0479328	0.0395966	0.0501135	0.0262998	0.0708259	0.0562680	0.0532594	-1.653
710	12.0202837	11.6583312	2.5256295	6.2147245	0.0632422	0.1244796	0.0088645	0.0159919	0.0148336	0.0101139	0.0156750	0.0557792	0.0463203	0.0574786	-7.741
720	10.8641132	10.2101097	2.9965394	5.4012776	0.0421446	0.1968235	0.0026798	0.0162068	0.0201280	0.0087612	0.0081341	0.0368134	0.0523182	0.0694490	-1.977
730	9.2854457	8.0470432	2.2655328	4.3351315	0.0611108	0.3617555	0.0146467	0.0242616	0.0364383	0.0170153	0.0137731	0.0546912	0.0665549	0.1057174	-3.680
740	11.2455261	10.9082403	3.2614261	4.8988520	0.0555447	0.1591782	0.0055677	0.0188979	0.0127372	0.0092373	0.0128009	0.0450560	0.0684552	0.0627105	-2.947
750	9.8144345	9.5200713	2.2391009	3.4391332	0.0525220	0.1644917	0.0170897	0.0216535	0.0180101	0.0105843	0.0115852	0.0535247	0.0406708	0.0692435	-6.118
760	10.5280134	8.8225447	1.1323815	1.7896082	0.0375792	0.3980174	0.0014264	0.0313928	0.0728866	0.0214328	0.0463955	0.0559690	0.0622978	0.0585766	-3.341
770	11.8824714	9.8586391	1.6223307	1.5791066	0.0362094	0.0260118	0.0177275	0.0322244	0.0465596	0.0334089	0.0337528	0.0438744	0.0489385	0.0430520	-5.843
780	11.5962393	10.9994902	1.8599149	1.3932961	0.0252975	0.0613546	0.0089273	0.0283222	0.0309746	0.0447699	0.0433056	0.0291507	0.0319761	0.0241374	-7.098
790	8.2960055	7.0506472	0.8689390	0.8952871	0.0383149	0.0284983	0.0279287	0.0595917	0.0647861	0.0678073	0.0546738	0.0441509	0.0542202	0.0599037	-5.545
800	8.4684082	7.3839593	1.0287424	0.4227379	0.0477712	0.0192232	0.0273601	0.0562345	0.0459937	0.0499218	0.0482017	0.0432520	0.0413920	0.0586842	-13.101
810	9.5752999	8.2399018	1.0914377	1.2514931	0.0494536	0.0945777	0.0129146	0.0387096	0.0551574	0.0297970	0.0409976	0.0494081	0.0776892	0.0652932	-6.401
820	10.5642449	10.1728677	1.5518641	0.7712315	0.0448241	0.0387789	0.0135199	0.0350859	0.0337271	0.0577557	0.0620093	0.0447829	0.0451303	0.0414658	-2.858
830	11.4883725	11.0926484	0.9402854	1.2044220	0.0503110	0.0657671	0.0126897	0.0383457	0.0479338	0.0348636	0.0354104	0.0455512	0.0412146	0.0411877	-4.393
840	9.3896728	8.9848033	1.5888319	1.2625559	0.0540524	0.0778112	0.0357492	0.0530565	0.0481410	0.0426561	0.0359393	0.0492119	0.0557555	0.0410787	-8.171
850	10.9745757	8.6883035	3.0099629	2.6736258	0.0198109	0.1424567	0.0022916	0.0269631	0.0206096	0.0308766	0.0260147	0.0253804	0.0786357	0.0738236	-1.806
860	8.9519925	6.1730147	1.4700719	0.9651401	0.0299851	0.1334901	0.0066394	0.0273401	0.0540827	0.0553237	0.0750806	0.0327273	0.0583529	0.0620991	-5.709
870	10.6746274	9.0299565	1.5038394	1.5295309	0.0259984	0.1094169	0.0162708	0.0328294	0.0225674	0.0327779	0.0234113	0.0261998	0.0485367	0.0634593	-6.372
880	9.8477770	7.4147958	1.8600546	1.2899673	0.0186193	0.2952226	0.0006632	0.0332957	0.0310283	0.0564564	0.0303347	0.0348411	0.0641331	0.0712557	-1.286
890	10.6443696	10.0512846	3.6846734	1.9056169	0.0337416	0.0967340	0.0133068	0.0141162	0.0127745	0.0177980	0.0228269	0.0398022	0.0593764	0.0404747	-4.372
900	11.1461683	10.6894588	4.6642453	3.4575564	0.0322225	0.2301777	0.0024675	0.0110982	0.0099902	0.0188504	0.0114954	0.0313387	0.0735996	0.0523455	-1.390
910	11.8616671	11.5866581	5.5913199	2.2299332	0.0211619	0.3598686	0.0017687	0.0077359	0.0139151	0.0329087	0.0066906	0.0168966	0.0585956	0.0530580	-3.229
920	10.5280731	10.1289540	3.3552972	2.5627689	0.0430576	0.1922031	0.0117676	0.0184197	0.0229994	0.0199949	0.0229677	0.0534484	0.0671477	0.0719744	-3.524
930	11.0242151	10.1289540	6.1746919	3.5082745	0.0392000	0.1922031	0.0070650	0.0062308	0.0084384	0.0081962	0.0145946	0.0329409	0.0777444	0.0624454	-4.690
940	12.1288848	11.8583975	6.1157315	5.3525426	0.0301767	0.5620009	0.0002936	0.0094288	0.0072046	0.0079555	0.0078464	0.0250053	0.0685851	0.0630924	-1.564
950	8.5789726	8.3876523	3.7476987	3.3769740	0.0488974	0.1894993	0.0061843	0.0085008	0.0305733	0.0093523	0.0170634	0.0454616	0.0628065	0.0729284	-6.128
960	11.3969846	11.1428195	3.6496374	4.3975741	0.0368070	0.1007596	0.0198041	0.0167988	0.0235496	0.0209458	0.0107771	0.0342208	0.0362782	0.0464735	-6.369
970	9.9220632	8.5798594	0.8881835	1.1996413	0.0325093	0.0568057	0.0106619	0.0672779	0.0588751	0.0376440	0.0340817	0.0403286	0.0439492	0.0522181	-3.294
980	12.2075995	12.0509154	1.4387645	0.7216960	0.0288061	0.1502161	0.0082352	0.0306323	0.0554867	0.0978493	0.0565022	0.0253521	0.0389834	0.0533544	-4.079
990	9.1201183	9.0030619	1.0523466	0.4892245	0.0296442	0.0777821	0.0165683	0.0665031	0.0584372	0.1309747	0.1348544	0.0339347	0.0521806	0.0644262	-3.922
1000	10.6014114	10.0496370	2.2097278	0.4286172	0.0321858	0.0993474	0.0083896	0.0297402	0.0365167	0.1263765	0.1384603	0.0359217	0.0456884	0.0416013	-1.926
1010	7.9799050	7.6463156	0.3178669	0.3951990	0.0427585	0.2376257	0.0180716	0.0633614	0.0787598	0.0751910	0.0969578	0.0519307	0.0565795	0.0368774	-11.416
1020	9.5228987	9.1291569	0.4917970	1.0861790	0.0430362	0.1047295	0.0061131	0.1155573	0.1053570	0.0374629	0.0500855	0.0425117	0.0467884	0.0440106	-1.784
1030	10.5785960	9.7975773	0.5072522	2.3436889	0.0196307	0.1670599	0.0050832	0.0959009	0.0926726	0.0250356	0.0102942	0.0226411	0.0543763	0.0481910	-3.799
1040	8.1890593	7.0118537	0.2553433	1.4948076	0.0267199	0.1162806	0.0048447	0.1142311	0.1439589	0.0340766	0.0222056	0.0308174	0.0627633	0.0444639	-8.016
1050	10.2606183	9.0540602	1.2884445	2.7070546	0.0697824	0.1999599	0.0066224	0.0825012	0.0319286	0.0161246	0.0161419	0.0336087	0.0502249	0.0493048	-4.522
1060	12.4120405	12.0713872	2.8244884	3.3340479	0.0528126	0.0687382	0.0239020	0.0249845	0.0379026	0.0249923	0.0184481	0.0458068	0.0419291	0.0472396	-7.372
1070	7.9296563	7.7120238	1.6799676	2.6062735	0.0656383	0.0705775	0.0111761	0.0391074	0.0403258	0.0338744	0.0186241	0.0717000	0.0656303	0.0695471	-2.103
1080	9.0941131	8.1339320	1.5992261	1.2985276	0.0558294	0.1066316	0.0073605	0.0374876	0.0527676	0.0355997	0.0565459	0.0622044	0.0636503	0.0625165	-2.217
1090	10.6848113	9.9874733	1.3233213	1.7943100	0.0488293	0.1801880	0.0056746	0.0440753	0.0430904	0.0294322	0.0156274	0.0402761	0.0403647	0.0442474	-2.317
1100	11.5327873	11.1989362	1.9882406	1.9706547	0.0372713	0.0637435	0.0063712	0.0323805	0.0275586	0.0247491	0.0295740	0.0392746	0.0339312	0.0355415	-3.173
1110	7.9803473	7.7312798	0.7363609	1.2047968	0.0526507	0.0589094	0.0346949	0.0743425	0.0497087	0.0286869	0.0281472	0.0564979	0.0625995	0.0666537	-8.726
1120	10.7585780	10.4439566	1.2737104	1.7659712	0.0472983	0.0779363	0.0111834	0.0416583	0.0487730	0.0372217	0.0375249	0.0455022	0.0477101	0.0591237	-3.086
1130	8.0517449	7.4823253	0.9127067	1.5150586	0.0430027	0.1125012	0.0113121	0.1012380	0.0559619	0.0360182	0.0529595	0.0582331	0.0816226	0.0581719	-4.827
1140	10.7040423	8.8977187	3.0438472	2.7087442	0.0283243	0.1528674	0.0031660	0.0261372	0.0187713	0.0249247	0.0095143	0.0420187	0.0650790	0.0656943	-2.222
1150	10.4847602	9.0075718	3.1328552	2.7087442	0.0265640	0.0724141	0.0139048	0.0222890	0.0223299	0.0207316	0.0165722	0.0290182	0.0531028	0.0398457	-6.284
1160	11.1855230	10.5682150	2.8752119	2.0515393	0.0184739	0.1020512	0.0139048	0.0135161	0.0277189	0.0296659	0.0297717	0.0190824	0.0537261	0.0370826	-4.288
1170	9.0112831	6.8014444	2.0132515	1.2829489	0.0175769	0.2217752	0.0075459	0.0320822	0.0263341	0.0516736	0.0519320	0.0208244	0.0545429	0.0770084	-4.923
1180	10.8316429	10.7290750	2.4902404	1.5811192	0.0154054	0.0997183	0.0045790	0.0407758	0.0212251	0.0272498	0.0575538	0.0161321	0.0637103	0.0530059	-2.141
1190	9.0590807	7.9658065	1.7850872	1.0805774	0.0172068	0.1508623	0.0046273	0.0702687	0.0296172	0.0561559	0.0609183	0.0375531	0.0615723	0.0657616	-3.171
1200	11.7638440	11.4866700	0.8765070	2.5254267	0.0331448	0.1068990	0.0070708	0.0945659	0.0580403	0.0268827	0.0193943	0.0409363	0.0362629	0.0397381	-1.840
1210	9.6500790	9.5945993	0.6917122	1.0168127	0.0116821	0.3915715	0.0045468	0.0685603	0.0577380	0.0328665	0.0354207	0.0112625	0.0446321	0.0557869	-2.758
1220	7.9997010	7.9537095	0.8401671	0.6511865	0.0140921	0.0787930	0.0123140	0.0885377	0.0786198	0.0395164	0.0652340	0.0145145	0.0436556	0.0552095	-5.334
1230	9.4247472	7.8848774	0.5550704	1.4518500	0.0129122	0.2412552	0.0030887	0.1148429	0.1056654	0.0353144	0.0488934	0.0134488	0.0463766	0.0609041	-1.846
1240	11.6107660	10.6222719	0.3770304	0.8772244	0.0446594	0.0700317	0.0132354	0.1031651	0.1099203	0.0360064	0.0470767	0.0441906	0.0358379	0.0397559	-5.805
1250	11.6107660	11.2377179	1.3620169	1.6258615	0.0350422	0.0434438	0.0096503	0.0616590	0.0511848	0.0419654	0.0437729	0.0335795	0.0467444	0.0512977	-2.623
1260	8.6858318	8.1271741	1.0966070	1.2130557	0.0480598	0.1052604	0.0068984	0.0751844	0.1263900	0.0308393	0.0584464	0.0461936	0.0644001	0.0687545	-5.300
1270	9.8434483	8.2893825	1.7703883	2.4021756	0.0498125	0.0979024	0.0077939	0.0348008	0.0485728	0.0312436	0.0318662	0.0525893	0.0538934	0.0690226	-3.730
1280	10.6878474	10.4299765	1.9677382	3.7075835	0.0396992	0.0292926	0.0208343	0.0292742	0.0387111	0.0249901	0.0183937	0.0419122	0.0333702	0.0515726	-6.600
1290	9.5469649	8.6263891	1.3878581	1.7127658	0.0475740	0.0371782	0.0249670	0.0350811	0.0426779	0.0299472	0.0239034	0.0502260	0.0433993	0.0426929	-6.448
1300	10.0009806	8.5882524	1.3679860	1.4119467	0.0133841	0.0569162	0.0070306	0.0463958	0.0356805	0.0603888	0.0340013	0.0241271	0.0324032	0.0550752	-5.525
1310	8.3955315	7.7590580	1.2608464	1.2824759	0.0244136	0.0485848	0.0122005	0.0502926	0.0665016	0.0740843	0.0541232	0.0295988	0.0474559	0.0505596	-4.978
1320	9.5681400	8.4832062	1.9131780	1.2789237	0.0294034	0.0374903	0.0186224	0.0251659	0.0294019	0.0334126	0.0327563	0.0333641	0.0532173	0.0440352	-4.870
1330	11.9516384	10.5591447	3.2107297	3.6162840	0.0132475	0.1232278	0.0064402	0.0267466	0.0265822	0.0135741	0.0206333	0.0119327	0.0518472	0.0451334	-4.004
1340	12.0131723	11.0862363	1.1217225	0.9766024	0.0182690	0.0678456	0.0044022	0.0272269	0.0717115	0.0312029	0.0278788	0.0257444	0.0422471	0.0326498	-5.014
1350	8.4383531	7.3713028	3.4786564	1.9289153	0.0456573	0.1378458	0.0096305	0.0191717	0.0163532	0.0351545	0.0207970	0.0631454	0.0646870	0.0528781	-5.784
1360	11.5183672	11.1530522	4.0221571	1.3389909	0.0197764	0.2153504	0.0011914	0.0088103	0.0209529	0.0760506	0.0507006	0.0188438	0.0501419	0.0530477	-4.161
1370	9.0294296	7.8110517	2.4442824	0.9795542	0.0340072	0.2160834	0.0147527	0.0116187	0.0188842	0.0490666	0.0268356	0.0380042	0.0558562	0.0413444	-7.001
1380	11.2995052	9.2506754	2.1464432	2.5390742	0.0273749	0.1563144	0.0181819	0.0276588	0.0276346	0.0168906	0.0174957	0.0318909	0.0460316	0.0435388	-6.407
1390	8.3330509	7.7896534	0.7744534	1.1288601	0.0208385	0.2094781	0.0071226	0.0836326	0.0919548	0.0368861	0.0625534	0.0239995	0.0618142	0.0638844	-1.003
1400	10.6426371	9.7726381	1.0714843	1.4809675	0.0277985	0.0398973	0.0148323	0.0728246	0.0603409	0.0274991	0.0341831	0.0278570	0.0419527	0.0451657	-3.787
1410	11.5488611	10.1707222	0.8311830	1.2869083	0.0325902	0.0637952	0.0119375	0.0637802	0.0538758	0.0300103	0.0275117	0.0479618	0.0423900	0.0365487	-5.302
1420	8.1602839	8.1290254	1.3449392	1.5877215	0.0536356	0.1359559	0.0060629	0.0450484	0.0446895	0.0402126	0.0454694	0.0547121	0.0618498	0.0559854	-1.564
1430	11.2201516	9.9706668	2.6214374	1.2088807	0.0407690	0.0180207	0.0177039	0.0299861	0.0259872	0.0551638	0.0524519	0.0446065	0.0492600	0.0399605	-5.023
1440	11.4552250	11.1725959	3.2411976	1.0682668	0.0384011	0.0750656	0.0143529	0.0208517	0.0150811	0.0877582	0.0921303	0.0420157	0.0463690	0.0479876	-7.374
1450	11.3124416	11.1725959	3.2232942	1.0502986	0.0384011	0.1162827	0.0166751	0.0200897	0.0264523	0.0548976	0.0377760	0.0409838	0.0504322	0.0334959	-3.951
1460	11.0789986	8.4884463	2.3646624	1.0286247	0.0285493	0.0590114	0.0069225	0.0182604	0.0263422	0.0560543	0.0464171	0.0314557	0.0512297	0.0537666	-3.371
1470	8.2873864	7.0503832	1.5458084	0.9959512	0.0135652	0.1900562	0.0058919	0.0338965	0.0494501	0.0442965	0.0622814	0.0218123	0.0901603	0.0788851	-1.391
1480	9.5544289	6.6532896	1.5174341	0.8445246	0.0051376	0.1905406	0.0145928	0.0323916	0.0355799	0.0676925	0.0715433	0.0119415	0.0725841	0.0653614	-3.253
1490	11.7525526	8.9812394	2.0995360	0.5778233	0.0156250	0.1146718	0.0050652	0.0197533	0.0381088	0.0958213	0.0856837	0.0162588	0.0483548	0.0501217	-2.306
1500	9.9732635	6.7681562	1.8211428	0.4601767	0.0112355	0.1316048	0.0027781	0.0440654	0.0514035	0.1611972	0.1075892	0.0173353	0.0851275	0.0629356	-1.916
1510	10.8297729	8.0378405	1.5349285	0.3641399	0.0170427	0.1682953	0.0014428	0.0719212	0.0548349	0.1816914	0.1158220	0.0325591	0.0690704	0.0601730	-3.386
1520	10.6558750	9.5816431	1.6048382	0.6781720	0.0232960	0.1251965	0.0074910	0.0538153	0.0340372	0.0776876	0.1082655	0.0260606	0.0523923	0.0511259	-1.955
1530	11.3721277	7.6012822	0.9210161	1.0313369	0.0300996	0.0956502	0.0068443	0.0604615	0.0610368	0.0422267	0.0469280	0.0362091	0.0648422	0.0544472	-4.383
1540	8.5893328	6.8054897	0.8898019	1.5638216	0.0416840	0.0712203	0.0219098	0.0696289	0.0845281	0.0278193	0.0208229	0.0492508	0.0699359	0.0564814	-7.195
1550	10.0445991	9.2411941	1.0605926	1.3038896	0.0295449	0.1033865	0.0079827	0.0607348	0.0551155	0.0288664	0.0291288	0.0322352	0.0684291	0.0657631	-4.424
1560	9.4397639	8.9507037	1.1787257	2.3820431	0.0336830	0.0743726	0.0221311	0.0408290	0.0513781	0.0269277	0.0458535	0.0321961	0.0406204	0.0471249	-8.703
1570	9.0908280	8.9591952	1.9943076	0.7055151	0.0315840	0.0133767	0.0243164	0.0306838	0.0339669	0.0657167	0.0478288	0.0335831	0.0383790	0.0448941	-6.506
1580	8.7078175	8.1438748	2.4823549	1.1763786	0.0298619	0.0077103	0.0287132	0.0290108	0.0321149	0.0390805	0.0452210	0.0317520	0.0362864	0.0349319	-12.290
1590	8.9820251	8.8479374	2.5051718	1.2741695	0.0297312	0.0337983	0.0228969	0.0320678	0.0319744	0.0483042	0.0450231	0.0316131	0.0587873	0.0485937	-4.022
1600	8.1455491	7.1055326	1.3000451	0.8225297	0.0399882	0.0051478	0.0307961	0.0466117	0.0430053	0.0538840	0.0573683	0.0425193	0.0498410	0.0543575	-6.923
1610	11.3074598	10.2065599	1.2462091	0.8073478	0.0318497	0.0046367	0.0249543	0.0440732	0.0455983	0.0459220	0.0434586	0.0362365	0.0383053	0.0416441	-7.720
1620	11.3768575	10.2977879	1.7244333	1.1890040	0.0262779	0.0104614	0.0228174	0.0337810	0.0298827	0.0378884	0.0358559	0.0298973	0.0374100	0.0343589	-6.567
1630	9.4708110	8.9871517	1.1923468	1.4466470	0.0255989	0.0458469	0.0098566	0.0409821	0.0512345	0.0369094	0.0349295	0.0265516	0.0421587	0.0449273	-2.586
1640	9.2457941	8.3676348	1.1417016	0.6960356	0.0401385	0.0278439	0.0154550	0.0642590	0.0610731	0.0578731	0.0547686	0.0416323	0.0529010	0.0679819	-5.467
1650	11.8859197	10.6582760	1.7516341	1.0312583	0.0479765	0.1180902	0.0056091	0.0420048	0.0427798	0.0575966	0.0545069	0.0414334	0.0493603	0.0598914	-3.251
1660	10.2858429	8.7876820	2.2153378	1.2778855	0.0480390	0.2546915	0.0104090	0.0514341	0.0221459	0.0270648	0.0460837	0.0585681	0.0586829	0.0368605	-7.581
1670	8.0209258	7.8696930	2.3738299	2.1461111	0.0146922	0.2276666	0.0024792	0.0197458	0.0438628	0.0455444	0.0418811	0.0151440	0.0788588	0.1035518	-4.978
1680	11.0678010	9.0628605	2.6351848	3.5318048	0.0291626	0.3056989	0.0028313	0.0308535	0.0099266	0.0155150	0.0104723	0.0266807	0.0595497	0.0793507	-2.878
1690	8.5954229	8.2745168	2.2615263	2.3348964	0.0140201	0.2502028	0.0051453	0.0184920	0.0366103	0.0465891	0.0240362	0.0141164	0.0533486	0.0875004	-4.242
1700	10.2841631	10.0135887	3.9569097	1.6611293	0.0323574	0.1887871	0.0070570	0.0232413	0.0075619	0.0322703	0.0301475	0.0235722	0.0651150	0.0476316	-2.400
1710	8.5194838	7.9807988	3.2035640	1.3760930	0.0542535	0.1493924	0.0062556	0.0203073	0.0310496	0.0389546	0.0487491	0.0736375	0.0931539	0.0616072	-1.940
1720	8.7116333	7.2879076	1.4513657	1.3487383	0.1050575	0.0797553	0.0078906	0.0703719	0.0394443	0.0397447	0.0450268	0.0865582	0.0642611	0.0649276	-4.170
1730	8.2167096	7.4891781	1.2385904	0.4936980	0.0203929	0.2237561	0.0128986	0.0475847	0.0482357	0.0739030	0.0883983	0.0192249	0.0662435	0.0488956	-2.897
1740	9.9182990	8.4926945	1.8291478	0.6504561	0.0389531	0.2918852	0.0112983	0.0397003	0.0271816	0.0909923	0.0835012	0.0227498	0.0458147	0.0479097	-3.375
1750	9.1228826	7.5131810	2.1081928	1.0304542	0.0265730	0.2156213	0.0021858	0.0426179	0.0216709	0.0569494	0.0412297	0.0346674	0.0497666	0.0529218	-4.715
1760	12.2026510	11.9720063	1.4414717	0.9680345	0.0164147	0.0848869	0.0058025	0.0350322	0.0298213	0.0481452	0.0402864	0.0179747	0.0384907	0.0404004	-1.759
1770	9.0212380	7.6977779	1.2046927	0.5456035	0.0296518	0.1593375	0.0125268	0.0465311	0.0442483	0.1263404	0.0954495	0.0280496	0.0590915	0.0559507	-2.379
1780	9.9320502	9.6606940	2.8366761	0.5618369	0.0163955	0.0608313	0.0076212	0.0132653	0.0253535	0.0508417	0.0604614	0.0154736	0.0587285	0.0463207	-3.349
1790	9.0589702	8.2736068	1.9574318	1.5916433	0.0165211	0.2321557	0.0054377	0.0225040	0.0236872	0.0262113	0.0360009	0.0372463	0.0545714	0.0535467	-2.762
1800	8.9306509	7.8531214	1.9401094	3.3206580	0.0428591	0.0594358	0.0319670	0.0319087	0.0453084	0.0306569	0.0282126	0.0461296	0.0477777	0.0501758	-14.045
1810	10.6622275	9.7132336	2.8132223	2.0939458	0.0417693	0.0380290	0.0272006	0.0271510	0.0197659	0.0349539	0.0232901	0.0356298	0.0399665	0.0515697	-7.543
1820	8.0792406	7.3336725	2.5303471	1.6543319	0.0439802	0.1811805	0.0085495	0.0248866	0.0375584	0.0439509	0.0217607	0.0563344	0.0681237	0.0772900	-2.935
1830	9.0080831	7.6261222	1.9948405	2.5578773	0.0263091	0.1412713	0.0183730	0.0386684	0.0325424	0.0201322	0.0268041	0.0335116	0.0447586	0.0471190	-9.420
1840	8.2525780	7.8931425	1.6673486	3.3686980	0.0566936	0.2752732	0.0075336	0.0334746	0.0382586	0.0136850	0.0248499	0.0447834	0.0707936	0.0704565	-3.221
1850	10.1832093	10.0655750	4.3759765	3.6435040	0.0372095	0.0545058	0.0180875	0.0136126	0.0156601	0.0321700	0.0203020	0.0356781	0.0400177	0.0450927	-10.465
1860	11.6012162	11.4672013	2.0970118	1.8377296	0.0326614	0.1182014	0.0120498	0.0166121	0.0351328	0.0388350	0.0184945	0.0313172	0.0411008	0.0459516	-2.993
1870	9.4612378	9.1056134	0.7152880	1.3952438	0.0163017	0.1447019	0.0039670	0.0500118	0.0466995	0.0300418	0.0265987	0.0185547	0.0529659	0.0587678	-3.236
1880	11.0675003	10.0663689	2.0876524	3.0697480	0.0199428	0.1454618	0.0049827	0.0403100	0.0288532	0.0163647	0.0190685	0.0196649	0.0445744	0.0538418	-1.903
1890	8.8397290	8.1729751	1.3599249	1.6907315	0.0294022	0.0758174	0.0118052	0.0392108	0.0389788	0.0189883	0.0249221	0.0259942	0.0669611	0.0581627	-3.292
1900	10.6797882	6.9437699	1.2929269	0.6331506	0.0154154	0.2463494	0.0041607	0.0540673	0.0698362	0.0697858	0.0515517	0.0162108	0.0763898	0.0662874	-3.064
1910	10.0182563	8.9813355	2.0101879	0.9567781	0.0126210	0.1759891	0.0015940	0.0236803	0.0438603	0.0908842	0.0332378	0.0123703	0.0503498	0.0491754	-1.958
1920	10.4564187	9.1930196	2.5079318	1.4543536	0.0351902	0.1016344	0.0020054	0.0286207	0.0291885	0.0396494	0.0227395	0.0350885	0.0484958	0.0498468	-2.430
1930	10.1674035	9.3659883	2.6708270	1.4193823	0.0283256	0.1065997	0.0078593	0.0296156	0.0290491	0.0448605	0.0451911	0.0316053	0.0512585	0.0568734	-2.477
1940	10.7982785	9.8272078	1.4082790	2.4251794	0.0458570	0.0766789	0.0112562	0.0425779	0.0435979	0.0172641	0.0257737	0.0454329	0.0549606	0.0464976	-3.691
1950	8.2510103	7.9299312	2.5682827	1.6104017	0.0489541	0.1265560	0.0122288	0.0235166	0.0283449	0.0582635	0.0214040	0.0370706	0.0673656	0.0577750	-2.180
1960	10.5774168	10.4588925	4.0068631	1.6121401	0.0371170	0.1752348	0.0092719	0.0147898	0.0156960	0.0252877	0.0241669	0.0378312	0.0561232	0.0388510	-2.665
1970	9.3847738	9.2260612	4.3346888	1.0277978	0.0388208	0.1555349	0.0183722	0.0192216	0.0122854	0.0470765	0.0441065	0.0476173	0.0931552	0.0437883	-3.941
1980	9.5764619	9.1101870	5.2880484	1.4138850	0.0428549	0.5542182	0.0087267	0.0140305	0.0097625	0.0579266	0.0219027	0.0697854	0.0917203	0.0495577	-2.132
1990	11.4213135	10.8920167	2.9847934	4.5640302	0.0598090	0.1558468	0.0102335	0.0187436	0.0260268	0.0073444	0.0152146	0.0731208	0.0616392	0.0720093	-3.616
2000	11.9649498	11.3890397	5.3094707	6.5178754	0.0658395	0.2332074	0.0092733	0.0083115	0.0105975	0.0110501	0.0064883	0.0464579	0.0742076	0.0930518	-2.958
2010	11.9124161	11.8761467	4.7957325	3.2175600	0.0661298	0.2246844	0.0051627	0.0149074	0.0115873	0.0159236	0.0185333	0.0703407	0.0597200	0.0366803	-2.328
2020	11.9124161	11.8761467	4.7957325	3.3535066	0.0661298	0.1285087	0.0043104	0.0214542	0.0113206	0.0193314	0.0138090	0.0703407	0.0611418	0.0546067	-1.184
2030	9.8641774	9.4168564	2.6836202	0.5563962	0.0558008	0.1687684	0.0068694	0.0288578	0.0199363	0.0425579	0.0424940	0.0849465	0.0591403	0.0362064	-6.838
2040	9.3428251	9.3412526	1.9230214	1.4105988	0.0589147	0.0602343	0.0066566	0.0641680	0.0324085	0.0407971	0.0277470	0.0586651	0.0507077	0.0536983	-3.386
2050	8.3803048	8.3788943	0.9381589	1.7733997	0.0656813	0.1208510	0.0106995	0.0694340	0.0785011	0.0387728	0.0317937	0.0654030	0.0629104	0.0710295	-1.235
2060	7.9653909	7.9640502	1.0316425	1.6855976	0.0691026	0.1249789	0.0112827	0.0881076	0.0413618	0.0440733	0.0273284	0.0681453	0.0661874	0.0747294	-1.906
2070	9.7227111	9.0655123	1.2438458	1.9497884	0.0573135	0.1571229	0.0124215	0.0541542	0.0590112	0.0229957	0.0202196	0.0565195	0.0508141	0.0613789	-3.122
2080	9.8881797	9.5492841	1.6748859	2.7215172	0.0447013	0.1322883	0.0126489	0.0319188	0.0238649	0.0284162	0.0173858	0.0414238	0.0546294	0.0613248	-3.283
2090	10.5035969	10.1636638	1.2325916	2.7085781	0.0339268	0.0880562	0.0148457	0.0384901	0.0671667	0.0222472	0.0182678	0.0368575	0.0384741	0.0484925	-3.120
2100	9.7324005	7.8115637	2.1225635	3.5456984	0.0441423	0.1141993	0.0152407	0.0293013	0.0366435	0.0134570	0.0201275	0.0458554	0.0606859	0.0556241	-7.933
2110	10.7374773	9.4971413	1.8077462	2.1726886	0.0436076	0.0488248	0.0275391	0.0396296	0.0486995	0.0414297	0.0326082	0.0479239	0.0450294	0.0630601	-9.156
2120	9.2884933	8.7776113	1.3073972	0.8907911	0.0487978	0.0086158	0.0308168	0.0410965	0.0388299	0.0492609	0.0509570	0.0468457	0.0503888	0.0514738	-6.717
2130	11.4799122	11.3437531	1.3754204	1.5259266	0.0345279	0.0494633	0.0089015	0.0404502	0.0424182	0.0242484	0.0394297	0.0362484	0.0306404	0.0398296	-3.492
2140	11.1229637	10.9910383	1.6291532	1.7164839	0.0356360	0.0067987	0.0249882	0.0405605	0.0437794	0.0438779	0.0406950	0.0374117	0.0365229	0.0411077	-5.951
2150	10.2858689	9.2318916	1.3432141	1.5613028	0.0296792	0.0156131	0.0230298	0.0463297	0.0499558	0.0404389	0.0330023	0.0326991	0.0408192	0.0378859	-5.967
2160	10.9695965	8.4185014	1.2747982	1.6530026	0.0231104	0.1469620	0.0043650	0.0291242	0.0731332	0.0437477	0.0358059	0.0198440	0.0480083	0.0559092	-2.846
2170	9.1949799	7.0026593	2.1086380	2.3732569	0.0363049	0.0999778	0.0095299	0.0313134	0.0312297	0.0253963	0.0199620	0.0424619	0.0678207	0.0571543	-5.200
2180	10.1868259	9.8939042	2.4636780	3.5863481	0.0318637	0.1768942	0.0038821	0.0351778	0.0323146	0.0211909	0.0099641	0.0332438	0.0766559	0.1007419	-4.313
2190	11.3054250	10.1035943	2.2513370	2.1981211	0.0202851	0.1064268	0.0121841	0.0306859	0.0254091	0.0169692	0.0341043	0.0418632	0.0437922	0.0410784	-4.847
2200	10.1954544	9.7529799	2.5084889	3.3648507	0.0386575	0.1977450	0.0037329	0.0358320	0.0290991	0.0132596	0.0164337	0.0447353	0.0593105	0.0686117	-1.300
2210	9.9665953	9.3791070	3.6052873	1.1250192	0.0212410	0.1977450	0.0016195	0.0168899	0.0125872	0.0596005	0.0403681	0.0244594	0.0739007	0.0695361	-1.560
2220	9.5669898	9.1974410	4.6428612	1.3210373	0.0527150	0.3474597	0.0018359	0.0109668	0.0203611	0.0577359	0.0239334	0.0585301	0.0796988	0.0611332	-1.782
2230	8.4233324	8.3734145	1.5020517	0.6349794	0.0634437	0.5160978	0.0044815	0.0319589	0.0432014	0.0619355	0.1511419	0.0698855	0.0796900	0.0626741	-2.383
2240	10.4310898	9.9883769	3.7058597	3.1027520	0.0268540	0.1392619	0.0054665	0.0212915	0.0232744	0.0233390	0.0244522	0.0311006	0.0625083	0.0629854	-1.932
2250	8.5637145	8.3377222	2.3052073	2.1123514	0.0360745	0.1413167	0.0116566	0.0396033	0.0382397	0.0279596	0.0203964	0.0392849	0.0766072	0.0533688	-3.970
2260	10.5737321	10.2946965	1.8947132	1.4709938	0.0195886	0.2067967	0.0023887	0.0418108	0.0248461	0.0314785	0.0428472	0.0184835	0.0679512	0.0497345	-1.766
2270	10.2638388	10.2002244	1.7809011	0.9151348	0.0265219	0.0780548	0.0165711	0.0218333	0.0398447	0.0565987	0.0394263	0.0256589	0.0491923	0.0436452	-3.451
2280	8.8522173	8.5860579	1.6111828	0.7996418	0.0315079	0.0547002	0.0151109	0.0456072	0.0405805	0.0939414	0.0665893	0.0304827	0.0475012	0.0461586	-2.803
2290	8.9337024	8.5860579	1.0892501	0.9840029	0.0351980	0.0488389	0.0232281	0.0425384	0.0405805	0.0724845	0.0665893	0.0334267	0.0444412	0.0560882	-5.814
2300	8.3841934	8.0619657	1.2429316	1.6540729	0.0371176	0.1618583	0.0280081	0.0742136	0.0511425	0.0419741	0.0289887	0.0424502	0.0559325	0.0486414	-5.556
2310	11.4583943	11.3030239	1.9222014	2.6536435	0.0231362	0.0298984	0.0124098	0.0305865	0.0293005	0.0261634	0.0207602	0.0222456	0.0406537	0.0363341	-3.281
2320	11.3656242	10.2880342	1.9409622	2.8307669	0.0367082	0.1478931	0.0038584	0.0332529	0.0338204	0.0098894	0.0240239	0.0224272	0.0441363	0.0399319	-4.187
2330	9.2035373	8.9436172	1.5617370	1.8795967	0.0514964	0.3729627	0.0029783	0.0222024	0.0450041	0.0208757	0.0429585	0.0525446	0.0582992	0.0716724	-2.111
2340	9.7958348	9.3703591	2.4934648	2.4266381	0.0525304	0.1080771	0.0107183	0.0263795	0.0218212	0.0268329	0.0397141	0.0428927	0.0533948	0.0550993	-3.990
2350	9.6167467	8.4449349	3.6152454	1.3038197	0.0340381	0.3848504	0.0040020	0.0259835	0.0240825	0.0795745	0.0638879	0.0585820	0.0910011	0.0591933	-4.693
2360	9.6249644	9.1378892	2.5028677	1.0901052	0.0303928	0.0597913	0.0135635	0.0294642	0.0349234	0.0490528	0.0412017	0.0358734	0.0591853	0.0529807	-2.837
2370	10.3470338	10.0510644	7.2127352	1.4220333	0.0308204	0.1799454	0.0175766	0.0090074	0.0121942	0.0415393	0.0253220	0.0251049	0.0872133	0.0485194	-6.993
2380	10.9983533	10.0857634	6.5756522	1.7228312	0.0269175	0.3373435	0.0026910	0.0145747	0.0108324	0.0342868	0.0363466	0.0235119	0.1473125	0.0442013	-2.448
2390	8.5521934	8.4329129	3.2295812	1.0086370	0.0221953	0.2853833	0.0075417	0.0235354	0.0230771	0.0386282	0.0537879	0.0230675	0.0825562	0.0649489	-1.448
2400	9.8635615	9.6651987	3.6856081	1.3397423	0.0393387	0.2231472	0.0054556	0.0357525	0.0167255	0.0471604	0.0432814	0.0365684	0.0604150	0.0721753	-5.622
2410	10.0706806	9.6651987	2.4194951	1.3397423	0.0393387	0.0499131	0.0130320	0.0348303	0.0294541	0.0471604	0.0433273	0.0495430	0.0445375	0.0457138	-3.435
2420	8.4644481	7.3315131	2.2355559	0.5915173	0.0479511	0.1193640	0.0109009	0.0214029	0.0173108	0.0760666	0.1366358	0.0604463	0.0640588	0.0506030	-5.588
2430	9.1696263	7.5055559	3.4096496	0.5704293	0.0254521	0.1674874	0.0277498	0.0151797	0.0227232	0.0598486	0.0982895	0.0318278	0.0999966	0.0605813	-7.046
2440	11.5446596	9.7231701	3.7912344	1.1918315	0.0082558	0.3636398	0.0015597	0.0130209	0.0191792	0.0251450	0.0415515	0.0152203	0.0564348	0.0543674	-3.082
2450	10.8813368	8.6380340	2.4565058	0.5779348	0.0111587	0.1559065	0.0042238	0.0254909	0.0336122	0.1004359	0.0544566	0.0131397	0.0608351	0.0377638	-3.357
2460	11.0994649	10.2475872	2.1499267	0.7465973	0.0264933	0.0668340	0.0195585	0.0367667	0.0284703	0.0555640	0.0736754	0.0204833	0.0618312	0.0463799	-5.678
2470	11.2049826	9.4867440	1.9338976	0.9508856	0.0204346	0.0538647	0.0046262	0.0415760	0.0366981	0.0628320	0.0821997	0.0219403	0.0516514	0.0503001	-1.787
2480	10.0822692	6.6839314	1.6908901	1.2122411	0.0173131	0.2241881	0.0043636	0.0262383	0.0447427	0.0460699	0.0428042	0.0274949	0.0831735	0.0799740	-2.196
2490	9.5619906	6.5135183	1.3030068	0.8711586	0.0089096	0.2259031	0.0020219	0.0456007	0.0555628	0.0337622	0.0523919	0.0225522	0.0662847	0.0611194	-3.662
2500	11.5812408	9.9632166	2.2602641	2.4431819	0.0145749	0.1268823	0.0018306	0.0372933	0.0350602	0.0436036	0.0246046	0.0118629	0.0469403	0.0523104	-3.027
2510	9.5944175	6.7988168	1.1055281	0.9507423	0.0301728	0.0905520	0.0136361	0.0996517	0.0913647	0.0685113	0.0440263	0.0262320	0.0655051	0.0835715	-7.215
2520	8.8639294	8.7531541	0.8401879	1.4304456	0.0368271	0.0406540	0.0125352	0.0524920	0.0465817	0.0401310	0.0429939	0.0357598	0.0572681	0.0632835	-3.582
2530	9.8064436	9.2886033	1.3445978	1.1786251	0.0130535	0.0825191	0.0046247	0.0415666	0.0368864	0.0267134	0.0284655	0.0135539	0.0536826	0.0467456	-2.604
2540	9.3687486	8.9552717	0.4239830	1.7999071	0.0200941	0.2444930	0.0031359	0.0659725	0.0873340	0.0215746	0.0557825	0.0208643	0.0448149	0.0501994	-6.481
2550	11.8422370	11.6167026	1.3278732	1.6233971	0.0172045	0.0755105	0.0145584	0.0438996	0.0687131	0.0464139	0.0433888	0.0165064	0.0321286	0.0377790	-4.245
2560	9.9333493	8.2703252	0.8343434	1.1427459	0.0510833	0.0911240	0.0064997	0.0784154	0.0757503	0.0543268	0.0363233	0.0798613	0.0671719	0.0591489	-4.325
2570	11.8119139	11.7569144	2.9997673	3.0835768	0.0264719	0.0620412	0.0098893	0.0245519	0.0280280	0.0181054	0.0221330	0.0273955	0.0457331	0.0408166	-2.562
2580	8.6440983	7.3659572	1.3675728	1.6015943	0.0307234	0.2594510	0.0024463	0.0430547	0.0728456	0.0249916	0.0492624	0.0453470	0.0649858	0.0784761	-2.398
2590	9.2266792	8.3002867	1.0958836	2.0794808	0.0228595	0.0679895	0.0173311	0.0379932	0.0603012	0.0417860	0.0228634	0.0308663	0.0353938	0.0595820	-5.682
2600	10.1706832	9.8578923	1.2219821	1.5556115	0.0353266	0.1949321	0.0043808	0.0452220	0.0435343	0.0460758	0.0401109	0.0293052	0.0451013	0.0398626	-2.448
2610	11.3224158	11.2333295	1.5543420	1.9508943	0.0351065	0.0335047	0.0151406	0.0449403	0.0524970	0.0356141	0.0282906	0.0372693	0.0421771	0.0481431	-2.975
2620	8.1536290	8.0894752	1.9361808	0.9434823	0.0487501	0.0687951	0.0210561	0.0449227	0.0302893	0.0647984	0.0894578	0.0517534	0.0629755	0.0601051	-3.962
2630	9.7272618	9.4906338	1.1400230	1.9042081	0.0420140	0.0428169	0.0246170	0.0451234	0.0507170	0.0262335	0.0194904	0.0446024	0.0444433	0.0338311	-6.842
2640	8.5798416	8.3711261	1.4737597	2.5204087	0.0476327	0.0247202	0.0279091	0.0386417	0.0535848	0.0297418	0.0283671	0.0505672	0.0568863	0.0513590	-6.330
2650	11.8882989	11.5991011	3.2186973	2.8055276	0.0343768	0.0653666	0.0138245	0.0165645	0.0138075	0.0214648	0.0301229	0.0364946	0.0361415	0.0359126	-6.365
2660	11.0163929	10.7484053	3.0136989	2.4731717	0.0285602	0.1819536	0.0033456	0.0178755	0.0240262	0.0231637	0.0199517	0.0257449	0.0464028	0.0458115	-1.159
2670	8.9634373	7.5285247	2.3663970	2.3306535	0.0341516	0.1901775	0.0166257	0.0170863	0.0449580	0.0277986	0.0149214	0.0268784	0.0661567	0.0565504	-5.500
2680	11.8897378	9.8134174	3.0926866	2.5301141	0.0250470	0.2159634	0.0023262	0.0361078	0.0146827	0.0256071	0.0217900	0.0246916	0.0750516	0.0617336	-2.433
2690	10.2369794	8.9891857	2.2903464	1.0775877	0.0156541	0.2126684	0.0060667	0.0556561	0.0433802	0.0347848	0.0264670	0.0213911	0.0567093	0.0554393	-8.819
2700	9.0339902	8.4959652	1.2655732	0.4015395	0.0288010	0.1196382	0.0066496	0.0412501	0.0491568	0.1640270	0.1388299	0.0310385	0.0694295	0.0677169	-2.266
2710	8.2580272	8.1479294	1.4950772	0.3670498	0.0315072	0.1972085	0.0079888	0.0451261	0.0260730	0.1794397	0.1570191	0.0339550	0.0567789	0.0405952	-3.038
2720	11.6100506	11.4552628	2.9549402	0.4218631	0.0224106	0.1922671	0.0141559	0.0231461	0.0243647	0.1376319	0.1116849	0.0241516	0.0505118	0.0451333	-3.262
2730	10.2907457	9.8817050	3.0643116	0.4905368	0.0228112	0.1122471	0.0087045	0.0206099	0.0284795	0.1240003	0.1294696	0.0258860	0.0490851	0.0503936	-2.717
2740	8.0673246	7.1870032	1.9447350	1.3144273	0.0365227	0.1237664	0.0100890	0.0486768	0.0377936	0.0572813	0.0567991	0.0480934	0.0717610	0.0501750	-5.143
2750	10.0357201	9.9018576	3.8615498	1.9486472	0.0263739	0.1180286	0.0206575	0.0164823	0.0201995	0.0380084	0.0409406	0.0256667	0.0476163	0.0475844	-6.095
2760	8.1276990	8.0192869	2.3069013	0.7736253	0.0325653	0.1221279	0.0116366	0.0261355	0.0166548	0.1008433	0.0628977	0.0316921	0.0656205	0.0487470	-2.651
2770	11.3747335	9.3443970	2.4449666	0.9983424	0.0286035	0.0790511	0.0068309	0.0188567	0.0164840	0.0543278	0.0556353	0.0383356	0.0341937	0.0321256	-8.140
2780	9.1556775	7.3630690	1.2350555	0.6025715	0.0256303	0.0790511	0.0098615	0.0358402	0.0459349	0.0827314	0.0803186	0.0229299	0.0439966	0.0545021	-4.449
2790	9.7188383	8.3883713	0.6398798	0.6482580	0.0268337	0.0475260	0.0091665	0.0778399	0.0788075	0.0672509	0.0746581	0.0332341	0.0540279	0.0533507	-2.494
2800	9.5225335	8.0616693	0.7574681	1.0979207	0.0511575	0.1652929	0.0035206	0.0602950	0.0785112	0.0285792	0.0495964	0.0521582	0.0561750	0.0579584	-2.494
2810	10.6956254	9.4871543	1.6380211	0.8201892	0.0222661	0.0786147	0.0068645	0.0449531	0.0557266	0.0800721	0.0669573	0.0262017	0.0505799	0.0418551	-2.276
2820	8.7862230	7.6391266	1.4146174	0.6408314	0.0439537	0.1194338	0.0059410	0.0245837	0.0293886	0.0478795	0.0286751	0.0287298	0.0568532	0.0474643	-6.337
2830	10.3731721	8.4664719	1.3152917	1.6036357	0.0169074	0.2567854	0.0250648	0.0232194	0.0312240	0.0443939	0.0454796	0.0149695	0.0521081	0.0451259	-9.926
2840	10.8435828	9.2014854	3.0470469	1.7208004	0.0238256	0.1594419	0.0112913	0.0264927	0.0218098	0.0500021	0.0122142	0.0096979	0.0598152	0.0581975	-3.224
2850	8.7367045	8.2113423	2.0490254	1.0806061	0.0264879	0.0591082	0.0283656	0.0386642	0.0238327	0.0482184	0.0732814	0.0277882	0.0597743	0.0459431	-6.246
2860	10.5980951	10.3263899	1.7867992	1.3589446	0.0210627	0.1083971	0.0065222	0.0329717	0.0260623	0.0292893	0.0428877	0.0220966	0.0401499	0.0501395	-2.305
2870	10.1633372	10.0125811	2.0635593	2.3280125	0.0261801	0.1034109	0.0026280	0.0409826	0.0303974	0.0364055	0.0337056	0.0242681	0.0440037	0.0634363	-2.768
2880	10.4626443	9.9431653	1.4751803	0.5329665	0.0186136	0.1309804	0.0051615	0.0607205	0.0434717	0.0857918	0.0883368	0.0252905	0.0521061	0.0524054	-1.549
2890	11.7495485	8.2324894	1.0244549	0.4577815	0.0264218	0.2033635	0.0052955	0.0759946	0.0916953	0.1115682	0.1296882	0.0164186	0.0470002	0.0551151	-3.433
2900	9.8610050	6.5742451	0.8987439	0.4585771	0.0106637	0.2236438	0.0189020	0.0513130	0.0542894	0.1085394	0.1106013	0.0169897	0.0641470	0.0578224	-5.070
2910	10.8358569	8.8474580	3.7046351	0.8301575	0.0494233	0.1913480	0.0056067	0.0122266	0.0140449	0.0673655	0.0524295	0.0574686	0.0567431	0.0291388	-7.124
2920	12.3618303	11.9040031	1.7007277	0.7672053	0.0378820	0.0773819	0.0080213	0.0359954	0.0241296	0.0689730	0.0627006	0.0356565	0.0373546	0.0324843	-2.333
2930	10.9076004	8.6212055	1.4999608	0.9697115	0.0297423	0.0704177	0.0103298	0.0234323	0.0466412	0.0776862	0.0549641	0.0427959	0.0584811	0.0489792	-4.837
2940	11.4683022	8.5936207	1.9026185	0.6166382	0.0288861	0.2102788	0.0133303	0.0531298	0.0538426	0.0933964	0.0740415	0.0246281	0.0568261	0.0471917	-6.482
2950	9.8195334	9.5811623	1.0484298	0.3725602	0.0238968	0.0896379	0.0169562	0.0596911	0.0563715	0.0849612	0.0740186	0.0267149	0.0413677	0.0465164	-5.677
2960	8.3634484	8.1604240	1.0254692	0.5399754	0.0280572	0.0672432	0.0222466	0.0700834	0.0601510	0.0997531	0.1167806	0.0313660	0.0714090	0.0546149	-4.272
2970	8.8336722	8.0494830	1.1451451	0.7164320	0.0341903	0.1472707	0.0068729	0.0501357	0.0651593	0.0558601	0.0715802	0.0382224	0.0545392	0.0492139	-2.030
2980	8.7220394	8.6954557	1.2596846	0.8449335	0.0371071	0.1455206	0.0109883	0.0475598	0.0519026	0.0880900	0.0590186	0.0395204	0.0540929	0.0534123	-1.092
2990	8.9095563	8.6763246	1.3415204	0.7897960	0.0305334	0.1447444	0.0062861	0.0356556	0.0446056	0.0724845	0.0690329	0.0307453	0.0500829	0.0584835	-1.156
3000	9.3333960	8.5660317	3.2206870	1.6192316	0.0307668	0.2459572	0.0110364	0.0160897	0.0242149	0.0142754	0.0152190	0.0352027	0.0699985	0.0381445	-8.519
3010	10.4748965	10.2210059	2.5128265	1.6531121	0.0368280	0.1816397	0.0033922	0.0092200	0.0242416	0.0473931	0.0133879	0.0346939	0.0374516	0.0555176	-4.901
3020	9.4286173	8.2879430	1.7647894	1.1869372	0.0501917	0.1118333	0.0113963	0.0374296	0.0259522	0.0443690	0.0532517	0.0491173	0.0584164	0.0557717	-3.017
3030	10.5667899	10.2602223	1.6719130	1.5991886	0.0450380	0.0497345	0.0161861	0.0446850	0.0253134	0.0395900	0.0248290	0.0438268	0.0489499	0.0362495	-4.481
3040	10.3053836	10.0420553	1.5871521	1.6831227	0.0353356	0.0290940	0.0288064	0.0374192	0.0469044	0.0331544	0.0452354	0.0367005	0.0409906	0.0395232	-6.732
3050	9.7924100	8.7514608	1.9326974	1.3582285	0.0353356	0.1330229	0.0221731	0.0374192	0.0265501	0.0507338	0.0420262	0.0315107	0.0450491	0.0548324	-5.451
3060	10.7888755	9.1615699	2.1412433	1.8527521	0.0353356	0.1135855	0.0061194	0.0253206	0.0265501	0.0213136	0.0170758	0.0395181	0.0450491	0.0445265	-4.344
3070	11.9618499	10.5372087	2.7661046	1.1822385	0.0365319	0.0378874	0.0241650	0.0302462	0.0286437	0.0523138	0.0456892	0.0350857	0.0467132	0.0538960	-8.683
3080	8.6376441	8.3175041	2.9819247	1.7125058	0.0375231	0.1000726	0.0059972	0.0229212	0.0210070	0.0604422	0.0325770	0.0357428	0.0504562	0.0553736	-4.648
3090	10.4891374	10.3634410	1.6628905	0.8545373	0.0301153	0.0784604	0.0103819	0.0317039	0.0280803	0.0433374	0.0384294	0.0286865	0.0379872	0.0459164	-3.903
3100	9.4227026	8.7786454	1.5997676	1.3834159	0.0278335	0.2775268	0.0019408	0.0334628	0.0229159	0.0384740	0.0146657	0.0458396	0.0455895	0.0486888	-3.674
3110	10.4775074	10.3480284	4.0249181	1.2438467	0.0462162	0.2089282	0.0065105	0.0211865	0.0070356	0.0517988	0.0538193	0.0507578	0.0635514	0.0449742	-2.738
3120	8.6672482	7.3202919	3.1106144	0.8941666	0.0308631	0.1624488	0.0068276	0.0181223	0.0100955	0.0552167	0.0537227	0.0393720	0.0821738	0.0625622	-3.260
3130	8.4831242	8.4437270	2.9870047	0.7946613	0.0340026	0.0822991	0.0115877	0.0140063	0.0247745	0.0575018	0.0527115	0.0322634	0.0682153	0.0488836	-2.082
3140	10.2524606	10.2048462	1.3726566	2.3791130	0.0281345	0.0430291	0.0127487	0.0480087	0.0334740	0.0319657	0.0218000	0.0266955	0.0263319	0.0534493	-6.184
3150	10.6808690	8.6959126	1.6060727	1.2246785	0.0357640	0.0279249	0.0156908	0.0362135	0.0425514	0.0571212	0.0455941	0.0339347	0.0595888	0.0519464	-4.299
3160	11.9882033	11.3032528	1.3965685	1.7926053	0.0345001	0.0858122	0.0058459	0.0420931	0.0428414	0.0475105	0.0364222	0.0346938	0.0415667	0.0469633	-2.015
3170	10.1953725	6.5289485	2.3343003	2.1711612	0.0160952	0.2570968	0.0243445	0.0196144	0.0457031	0.0348342	0.0318719	0.0201120	0.0802904	0.0887562	-7.796
3180	11.1251456	10.0404722	1.6151231	1.2186961	0.0249733	0.0159814	0.0153678	0.0372076	0.0437737	0.0545961	0.0446000	0.0270663	0.0361254	0.0377600	-4.338
3190	10.3334838	9.5582607	1.1237409	1.2186961	0.0249733	0.0366615	0.0155379	0.0358010	0.0420203	0.0545961	0.0712533	0.0270663	0.0400138	0.0490010	-6.264
3200	11.9029340	11.2952178	1.9832559	0.8641229	0.0322931	0.1203083	0.0131051	0.0301957	0.0346416	0.0818127	0.0600972	0.0288335	0.0328217	0.0279229	-4.632
3210	10.6848453	10.2202270	1.4766467	0.7869497	0.0316114	0.2570095	0.0114937	0.0661053	0.0737711	0.0898358	0.0629072	0.0336320	0.0589659	0.0695831	-8.054
3220	8.0620404	7.1364058	1.3698246	1.5040231	0.0212758	0.1222101	0.0165605	0.0437811	0.0474660	0.0439264	0.0313494	0.0282501	0.0524792	0.0629479	-3.342
3230	8.3579357	7.9952054	1.8923339	1.5358251	0.0226778	0.1506285	0.0079386	0.0309804	0.0265681	0.0492415	0.0458847	0.0244522	0.0497385	0.0660147	-3.358
3240	10.7114399	10.2286839	3.8817886	2.5353280	0.0273727	0.2462596	0.0025800	0.0216291	0.0117203	0.0169699	0.0296192	0.0358276	0.0941682	0.0643771	-2.577
3250	12.1234690	11.3407160	5.8651160	5.3565638	0.0221667	0.1102234	0.0105724	0.0069560	0.0196608	0.0162139	0.0072945	0.0306602	0.0546215	0.0570753	-5.116
3260	12.2528113	9.6071855	4.4224959	4.2374885	0.0240757	0.1986030	0.0055119	0.0210117	0.0145867	0.0162950	0.0073030	0.0254933	0.0670760	0.0642726	-3.538
3270	11.7553645	11.1969888	2.6314374	4.5813047	0.0104487	0.3968687	0.0004457	0.0235890	0.0228193	0.0061320	0.0128613	0.0148575	0.0472040	0.0505604	-3.178
3280	8.6962470	6.3827854	1.4497593	2.6860567	0.0255003	0.3968687	0.0002475	0.0501701	0.0202409	0.0160810	0.0092631	0.0437848	0.0831011	0.0769841	-6.052
3290	10.0899591	9.4680475	1.2481136	3.3780638	0.0494003	0.2270421	0.0064786	0.0529679	0.0392455	0.0085016	0.0100736	0.0373419	0.0539128	0.0684116	-3.274
3300	11.4639580	11.4177195	2.4279538	3.2519017	0.0409691	0.0604264	0.0048509	0.0273373	0.0205838	0.0145183	0.0158936	0.0442858	0.0296494	0.0340080	-6.133
3310	10.9681284	9.2165031	1.5296289	4.0279680	0.0565804	0.0877828	0.0113360	0.0405732	0.0326155	0.0161713	0.0143667	0.0531454	0.0565240	0.0592424	-5.420
3320	9.0521008	7.9527010	1.3007036	2.7519644	0.0203412	0.1445745	0.0013187	0.0436333	0.0313548	0.0193373	0.0222677	0.0315896	0.0513023	0.0708410	-2.330
3330	10.9105306	10.3648250	0.5480000	3.7720918	0.0166931	0.1445745	0.0077859	0.1115732	0.1264667	0.0276180	0.0149656	0.0181992	0.0366819	0.0561223	-2.874
3340	8.9640634	8.2660116	0.5251752	2.2377121	0.0386274	0.1445745	0.0068131	0.0963941	0.0787599	0.0404226	0.0242697	0.0393620	0.0485192	0.0589933	-3.374
3350	9.8423705	8.8021830	0.8051891	1.3258711	0.0355564	0.0725656	0.0071138	0.0684276	0.1004128	0.0403990	0.0530275	0.0371228	0.0506608	0.0581937	-1.701
3360	10.2763333	9.9729446	1.5106444	3.1177914	0.0300821	0.0795357	0.0129737	0.0405927	0.0605181	0.0274150	0.0215692	0.0294328	0.0428610	0.0448227	-4.685
3370	10.8482471	10.5279738	1.8323018	3.0772448	0.0284961	0.0795357	0.0122897	0.0283684	0.0466167	0.0211163	0.0123415	0.0278811	0.0460597	0.0551937	-2.271
3380	8.8372829	8.4097733	1.1747816	2.7238599	0.0343534	0.0925397	0.0321718	0.0422854	0.0431182	0.0290622	0.0200225	0.0419846	0.0435608	0.0642710	-6.717
3390	10.6596595	10.2056919	1.4363549	3.7968393	0.0341207	0.0692003	0.0060217	0.0447798	0.0539511	0.0127546	0.0159237	0.0333901	0.0434164	0.0480462	-2.879
3400	9.5870325	8.5947022	0.8667344	3.6846901	0.0351592	0.1250829	0.0046930	0.0680397	0.0828532	0.0091947	0.0207749	0.0319779	0.0402256	0.0637455	-4.688
3410	9.8278351	9.1885793	0.8599605	1.8921683	0.0133886	0.1467365	0.0044492	0.0906754	0.0734310	0.0486545	0.0264716	0.0193736	0.0686992	0.0602041	-3.101
3420	8.4691079	6.1904038	0.5870553	1.5380724	0.0120928	0.1676852	0.0069190	0.1473653	0.1079191	0.0485598	0.0466962	0.0212633	0.0736675	0.1164448	-3.017
3430	10.0928668	8.7229943	0.9737372	2.3851256	0.0276571	0.1676852	0.0029383	0.0631760	0.0531264	0.0154869	0.0260322	0.0434935	0.0555623	0.0666566	-1.549
3440	11.8444035	8.8310466	1.0134022	2.5413056	0.0273597	0.1065036	0.0075504	0.0514586	0.0531983	0.0282278	0.0105056	0.0474975	0.0484598	0.0525049	-4.867
3450	11.0139666	10.4824716	2.1486031	4.2766449	0.0288992	0.1987019	0.0092126	0.0167894	0.0283768	0.0080388	0.0151608	0.0397229	0.0618811	0.0633855	-4.159
3460	8.3878954	7.3997444	1.5789267	2.1413479	0.0583398	0.1660567	0.0114468	0.0513122	0.0340776	0.0350227	0.0157938	0.0886483	0.0631958	0.0634191	-3.688
3470	12.0049584	10.0859214	1.9642670	3.7946980	0.0251460	0.1441959	0.0075754	0.0290270	0.0260788	0.0116879	0.0212869	0.0357727	0.0585046	0.0576654	-4.250
3480	10.1279765	9.3905639	2.0964079	3.1305263	0.0294416	0.1636429	0.0035078	0.0260998	0.0323995	0.0214796	0.0252073	0.0375487	0.0652052	0.0899017	-2.427
3490	7.8530408	6.9789087	1.8455920	1.4568613	0.0530098	0.1194217	0.0185532	0.0290432	0.0319735	0.0509527	0.0520628	0.0489402	0.0599054	0.0651370	-5.161
3500	10.3923014	9.6339821	2.0318131	2.7751478	0.0295649	0.0493510	0.0121764	0.0380093	0.0360276	0.0295534	0.0288470	0.0283861	0.0441084	0.0405869	-6.312
3510	11.0913589	10.9161954	1.7716159	1.6289801	0.0231997	0.1214855	0.0045081	0.0348435	0.0323773	0.0231906	0.0223572	0.0260790	0.0535206	0.0429619	-1.980
3520	11.1257739	9.8250916	1.8158679	3.1143429	0.0294800	0.0536588	0.0109984	0.0499579	0.0340674	0.0156481	0.0139253	0.0192146	0.0283628	0.0322508	-11.479
3530	10.4218646	9.0073646	1.4162860	3.6296124	0.0228828	0.1464422	0.0047835	0.0336825	0.0567220	0.0124623	0.0166253	0.0282618	0.0454916	0.0357158	-9.499
3540	8.7079082	6.1622840	1.0049637	1.5973526	0.0132247	0.1705894	0.0030722	0.0574035	0.0817671	0.0346651	0.0237159	0.0386723	0.0714212	0.1206905	-3.950
3550	10.9179530	10.4685400	2.1965708	4.7985953	0.0303405	0.1760830	0.0093700	0.0185463	0.0176593	0.0062030	0.0103950	0.0261598	0.0297132	0.0591232	-7.629
3560	8.6510814	8.5637447	2.6218982	3.1933135	0.0382908	0.1503223	0.0099173	0.0305760	0.0175483	0.0366941	0.0097790	0.0363797	0.0531431	0.0567601	-4.694
3570	11.2561923	10.3551724	3.4522926	2.8803150	0.0376731	0.2105114	0.0165449	0.0234995	0.0222852	0.0060359	0.0192668	0.0441785	0.0597007	0.0557881	-7.751
3580	11.6094456	10.3205787	1.6246411	2.5054078	0.0378502	0.1163396	0.0101142	0.0415858	0.0366420	0.0254296	0.0170508	0.0332404	0.0489013	0.0540448	-2.403
3590	8.3766399	7.2516413	1.0869024	2.3444764	0.0718538	0.2221503	0.0073585	0.0430114	0.0183449	0.0189079	0.0327898	0.0551383	0.0467400	0.0640634	-8.570
3600	10.9120336	10.3956661	3.7618907	2.2515319	0.0863459	0.1500106	0.0211154	0.0167414	0.0190566	0.0158795	0.0216772	0.0986868	0.0563748	0.0570434	-6.969
3610	9.5672570	8.3246170	3.6122073	1.7124759	0.0317253	0.2295011	0.0046466	0.0290915	0.0080810	0.0302608	0.0278952	0.0288270	0.0668619	0.0531906	-4.525
3620	11.3652554	9.9337015	3.7430945	4.4727856	0.0317208	0.2968468	0.0042769	0.0188506	0.0152528	0.0134539	0.0195989	0.0216375	0.0581544	0.0493340	-5.633
3630	9.3916020	8.9086059	3.1435505	1.2673527	0.0241599	0.1609746	0.0040657	0.0210197	0.0208366	0.0499372	0.0185927	0.0276333	0.0648461	0.0475222	-2.050
3640	7.9107813	6.8161078	3.4603927	0.9655743	0.0346983	0.1155325	0.0095730	0.0179053	0.0138093	0.0527843	0.0545263	0.0505495	0.0462713	0.0528812	-12.997
3650	11.4951939	11.0495086	2.1897052	1.7876695	0.0217248	0.0486340	0.0119362	0.0208270	0.0225929	0.0330485	0.0371322	0.0229762	0.0384126	0.0403029	-3.594
3660	8.7442147	8.5972291	1.1425724	1.2075543	0.0290189	0.2026446	0.0015879	0.0763277	0.0638977	0.0441445	0.0300544	0.0295328	0.0495936	0.0531978	-2.438
3670	9.2591488	8.9621699	1.4161688	1.2046040	0.0250975	0.0472945	0.0258920	0.0623274	0.0523622	0.0279866	0.0347454	0.0261103	0.0492573	0.0393703	-7.439
3680	11.1069824	9.5066256	2.2319235	1.0662715	0.0194903	0.0872068	0.0119883	0.0377240	0.0362343	0.0444861	0.0373909	0.0246150	0.0422942	0.0426571	-5.295
3690	8.1180310	7.6320461	0.7048814	1.0203499	0.0296622	0.2014940	0.0162387	0.0915074	0.0876186	0.0728442	0.0455132	0.0319662	0.0478945	0.0656405	-2.603
3700	9.2586734	7.9878436	0.8320226	1.7168888	0.0299965	0.0516546	0.0143664	0.0486147	0.0524602	0.0240418	0.0218872	0.0407293	0.0304858	0.0400171	-9.960
3710	10.9471529	10.3591179	1.8675559	1.8124026	0.0247902	0.1223930	0.0131112	0.0422759	0.0203494	0.0326054	0.0324052	0.0298957	0.0485353	0.0609460	-4.319
3720	10.6186136	8.4811632	2.5485048	1.9755110	0.0122008	0.0908705	0.0023786	0.0218934	0.0186692	0.0176616	0.0242441	0.0164927	0.0612227	0.0506928	-2.882
3730	10.6446068	6.5880014	1.3682177	0.7136866	0.0492139	0.3077175	0.0045059	0.0365685	0.0185615	0.0877912	0.0637830	0.0191971	0.0897575	0.0705816	-4.985
3740	9.1358683	4.4985667	1.9062334	1.1011074	0.0141440	0.2070605	0.0012127	0.0445768	0.0394751	0.0408140	0.0840792	0.0092698	0.1578374	0.1347572	-1.892
3750	11.2973833	7.2598435	2.4168485	1.5942622	0.0106394	0.2205524	0.0023518	0.0182106	0.0429254	0.0287290	0.0389248	0.0139013	0.0847710	0.0761490	-1.978
3760	8.7619950	8.2401993	1.5731989	1.3058485	0.0345285	0.2205524	0.0040882	0.0285532	0.0258897	0.0279279	0.0710701	0.0565651	0.0706824	0.0664156	-3.417
3770	8.3038126	7.4324019	2.5084258	1.5097475	0.0332268	0.1654418	0.0126969	0.0192140	0.0305277	0.0473838	0.0445615	0.0486614	0.0797559	0.0721481	-2.819
3780	11.7522502	10.9516491	1.8616534	1.3766742	0.0227065	0.1019872	0.0048778	0.0515819	0.0429997	0.0337166	0.0384290	0.0173319	0.0389547	0.0404503	-3.088
3790	11.0506588	9.0302429	0.9417475	1.1493114	0.0171522	0.1463191	0.0061383	0.0463830	0.0374379	0.0403867	0.0358106	0.0197403	0.0391730	0.0518565	-3.920
3800	8.5764960	5.7878180	1.8414759	2.0693521	0.0068147	0.6748795	0.0012778	0.0449251	0.0294642	0.0742061	0.0155984	0.0089754	0.0624109	0.1283485	-7.466
3810	8.8863787	7.0541732	0.6489578	0.7767199	0.0239431	0.1640217	0.0070422	0.0913119	0.1409536	0.0585785	0.0769414	0.0335468	0.0661473	0.0502913	-3.505
3820	10.2406900	7.1690992	1.1770128	1.8244352	0.0238193	0.0517929	0.0130538	0.0666351	0.0624347	0.0505823	0.0251351	0.0422677	0.0551661	0.0366609	-10.801
3830	11.1887167	9.7606911	0.9083907	1.4450377	0.0340741	0.0993894	0.0033612	0.0509218	0.0528729	0.0461035	0.0380188	0.0333011	0.0608357	0.0480676	-3.660
3840	11.3533927	10.8953407	0.8447067	1.9389914	0.0305256	0.0726413	0.0095467	0.0437963	0.0732361	0.0235075	0.0277617	0.0298331	0.0510941	0.0500122	-3.589
3850	11.6424981	10.3139682	1.7296932	2.2814530	0.0248604	0.0605539	0.0081137	0.0423506	0.0351059	0.0269920	0.0235944	0.0225332	0.0300180	0.0322257	-6.847
3860	9.6098035	9.4819628	1.4355929	1.7805049	0.0280550	0.0475569	0.0089319	0.0679270	0.0481604	0.0302297	0.0576216	0.0279090	0.0584470	0.0431369	-4.666
3870	8.6277482	6.5601888	1.0344828	1.0074881	0.0340429	0.1817699	0.0100201	0.0365027	0.0775274	0.0720311	0.0361028	0.0441173	0.0971231	0.0689398	-5.966
3880	8.7989577	8.2701460	1.1743350	1.2055842	0.0417910	0.0987152	0.0269544	0.0434888	0.0394359	0.0601953	0.0441337	0.0292700	0.0528904	0.0465582	-5.660
3890	10.7760454	7.8523665	1.3577074	2.0742344	0.0077500	0.2698096	0.0021642	0.0762112	0.0497268	0.0369552	0.0330857	0.0195830	0.0570577	0.0483485	-5.536
3900	10.7720266	8.0957923	1.0429015	1.4033322	0.0432372	0.1668365	0.0062359	0.0554150	0.0662481	0.0434298	0.0348984	0.0180828	0.0624632	0.0678379	-1.499
3910	11.9551764	8.7602756	0.9879217	1.5886438	0.0313630	0.1240180	0.0056480	0.0643281	0.0498041	0.0377712	0.0348316	0.0128693	0.0440600	0.0429443	-3.168
3920	11.7516677	10.2831570	1.9587343	2.0114474	0.0257042	0.2205475	0.0029576	0.0447102	0.0443290	0.0209852	0.0524012	0.0338754	0.0441089	0.0543327	-4.055
3930	11.7039049	9.5467413	2.9644714	1.6736713	0.0073075	0.1823753	0.0039385	0.0125843	0.0096231	0.0264325	0.0356359	0.0127198	0.0613666	0.0514761	-4.025
3940	10.2015835	9.7686407	3.2645453	4.0235742	0.0493881	0.4487928	0.0121585	0.0116069	0.0124814	0.0145548	0.0169898	0.0570819	0.0556737	0.0896801	-5.837
3950	9.6139941	8.6576457	3.7272276	4.6537918	0.0566621	0.5435636	0.0004513	0.0277442	0.0152985	0.0117287	0.0110541	0.0356737	0.0677063	0.0902845	-3.229
3960	9.5305502	9.0276827	4.5255319	6.1002758	0.0368524	0.5435636	0.0018678	0.0190424	0.0098003	0.0122686	0.0100002	0.0342114	0.1095134	0.1086009	-3.974
3970	10.5675073	10.3098080	6.6195287	6.9666462	0.0622608	0.3978529	0.0065719	0.0151663	0.0073327	0.0102857	0.0099590	0.0640562	0.0842162	0.1108456	-3.898
3980	9.6241455	9.2418326	6.9223858	5.3487246	0.0730935	0.3017648	0.0043425	0.0077361	0.0105646	0.0117856	0.0067790	0.0636998	0.1675245	0.1232349	-1.049
3990	11.5077621	11.0506238	8.7878063	5.6047162	0.0289357	0.3017648	0.0016487	0.0084580	0.0101688	0.0134146	0.0184968	0.0303905	0.1238524	0.0784380	-6.855
4000	10.5911706	10.1432643	7.4959383	5.1445166	0.0354693	0.5532358	0.0078759	0.0102629	0.0015407	0.0198259	0.0048310	0.0320477	0.1339847	0.0863248	-6.691
4010	10.7973686	10.2577310	5.8597269	5.2446745	0.0476268	0.4144415	0.0005593	0.0080624	0.0094610	0.0100409	0.0044763	0.1023221	0.0771835	0.1059656	-3.691
4020	11.8826265	11.1977356	4.1208843	3.4707550	0.0319141	0.4066253	0.0073345	0.0164218	0.0244369	0.0251408	0.0143585	0.0489598	0.0552739	0.0617953	-2.872
4030	9.9943996	8.3256715	2.5171930	2.6360231	0.0152417	0.0990124	0.0237849	0.0245731	0.0256440	0.0333215	0.0238790	0.0197498	0.0493953	0.0899644	-8.572
4040	8.3536776	7.7618370	1.0397115	3.1088706	0.0298006	0.4675734	0.0030148	0.0258105	0.0438139	0.0198025	0.0086950	0.0478148	0.0485541	0.0610558	-5.582
4050	11.3544347	11.0495268	1.2157792	2.6331240	0.0472520	0.2644090	0.0136516	0.0203231	0.0321791	0.0202668	0.0195432	0.0375797	0.0501681	0.0385743	-8.361
4060	11.8464496	11.8289745	1.8723312	1.7655128	0.0443214	0.0157712	0.0143485	0.0332153	0.0320211	0.0343757	0.0352317	0.0447704	0.0397110	0.0368841	-2.842
4070	10.6264780	10.5979347	1.7562425	1.3326866	0.0494697	0.1095192	0.0206576	0.0173359	0.0249205	0.0340702	0.0393241	0.0499709	0.0345359	0.0411685	-6.691
4080	10.8680591	10.8388668	2.3537466	1.5880742	0.0483700	0.0886986	0.0090994	0.0293083	0.0271178	0.0333129	0.0279228	0.0488601	0.0360474	0.0528821	-3.470
4090	10.4425201	10.4144708	1.9141276	0.8019580	0.0503411	0.2032724	0.0051062	0.0406351	0.0366359	0.0491807	0.1042502	0.0508512	0.0554007	0.0440014	-1.275
4100	9.1186029	7.5997558	1.5357247	1.1544284	0.0504286	0.1186853	0.0101425	0.0482811	0.0322861	0.0591134	0.0628920	0.0328649	0.0583224	0.0559169	-3.369
4110	9.9843403	9.5685716	2.4488532	1.0014376	0.0251189	0.0899816	0.0175149	0.0252589	0.0224108	0.0555861	0.0591393	0.0240927	0.0581610	0.0525804	-3.315
4120	9.2708502	8.4350776	2.0184981	1.4401779	0.0295980	0.0687637	0.0175862	0.0354774	0.0330512	0.0624013	0.0418919	0.0330539	0.0560856	0.0469717	-4.432
4130	11.0817776	9.2559513	2.0693367	1.3982064	0.0210452	0.0312910	0.0125044	0.0320058	0.0417149	0.0306387	0.0257524	0.0235025	0.0489124	0.0336426	-6.570
4140	9.4098289	8.9759230	0.9746985	1.5130865	0.0264973	0.0312910	0.0193824	0.0482842	0.0525218	0.0273960	0.0324240	0.0266041	0.0439987	0.0455415	-4.325
4150	10.4033281	9.2214700	0.9888551	2.1936571	0.0243496	0.0309486	0.0118782	0.0405946	0.0332683	0.0285448	0.0290489	0.0198087	0.0378490	0.0370572	-7.749
4160	9.1926622	8.6445971	1.7757940	2.2703670	0.0240735	0.0598523	0.0209962	0.0245345	0.0284129	0.0295586	0.0343758	0.0279235	0.0481415	0.0512168	-6.204
4170	9.1085682	8.1291136	1.0379645	1.8046634	0.0281506	0.0473147	0.0162965	0.0404397	0.0357450	0.0191964	0.0377210	0.0351294	0.0525418	0.0402949	-7.890
4180	10.5748264	9.3247253	1.1499356	1.3376820	0.0459467	0.1008130	0.0053736	0.0678966	0.0615451	0.0475871	0.0285810	0.0669165	0.0468998	0.0445409	-2.592
4190	10.0764987	9.0449523	1.5746967	1.8610381	0.0409190	0.1374820	0.0070547	0.0294418	0.0476545	0.0423799	0.0254535	0.0402846	0.0572710	0.0570936	-1.891
4200	10.5921054	10.0453014	0.6114772	1.5362391	0.0355396	0.1763654	0.0070547	0.1180988	0.0805612	0.0249401	0.0433497	0.0340325	0.0385371	0.0502732	-2.208
4210	11.4240983	9.9399975	0.7606497	2.2113145	0.0255199	0.0185878	0.0164076	0.0688258	0.0805612	0.0193887	0.0227280	0.0247985	0.0384373	0.0352960	-5.856
4220	11.8232354	10.9049344	1.3404775	2.7265794	0.0220000	0.0661518	0.0115592	0.0336495	0.0806592	0.0203014	0.0179267	0.0197199	0.0391232	0.0299772	-6.845
4230	10.5313195	9.1038950	1.2319738	2.8522631	0.0306512	0.0288957	0.0233211	0.0557746	0.0595930	0.0260948	0.0265060	0.0274745	0.0418805	0.0510517	-6.844
4240	10.6082295	7.6205003	0.7445311	1.6178938	0.0341735	0.1780108	0.0059457	0.0549290	0.0586895	0.0256992	0.0261042	0.0427924	0.0459780	0.0565950	-5.263
4250	11.5879419	11.0983135	2.8841186	1.3225341	0.0362372	0.0567302	0.0209797	0.0265573	0.0294169	0.0452902	0.0634956	0.0330635	0.0551630	0.0356880	-6.474
4260	11.6174699	10.4368689	2.0372331	1.4832552	0.0215523	0.0974507	0.0100273	0.0666356	0.0351203	0.0354585	0.0443092	0.0280521	0.0550238	0.0389710	-6.043
4270	10.4344091	8.8812738	1.9962525	1.1237808	0.0202219	0.0351359	0.0158167	0.0254130	0.0351135	0.0385432	0.0365482	0.0263954	0.0291335	0.0524926	-10.157
4280	8.0156133	7.9534169	2.5722563	0.5087183	0.0333921	0.2587274	0.0176619	0.0283777	0.0221121	0.0884938	0.0749408	0.0370769	0.0767373	0.0539862	-2.711
4290	8.5866615	8.5200341	1.9770182	0.5466928	0.0311714	0.1100269	0.0157605	0.0206602	0.0397382	0.0826086	0.0772427	0.0294271	0.0553298	0.0443072	-3.017
4300	10.9440910	10.8591714	1.4255264	0.6967849	0.0254606	0.1708430	0.0041854	0.0257348	0.0311784	0.0648141	0.0699774	0.0230883	0.0434114	0.0518710	-2.614
4310	8.0009652	7.5706803	1.1157028	0.9545779	0.0348262	0.0928692	0.0151045	0.0525010	0.0683494	0.0584601	0.0424408	0.0360857	0.0524752	0.0639779	-2.567
4320	11.2318830	10.3091798	2.4596565	0.9873976	0.0205852	0.0926924	0.0089280	0.0131250	0.0192138	0.0230653	0.0335900	0.0216945	0.0304212	0.0389474	-9.399
4330	8.1219547	7.7284863	1.8030121	2.1026387	0.0239030	0.0926924	0.0160307	0.0576106	0.0416285	0.0265076	0.0210005	0.0293897	0.0567889	0.0661181	-4.368
4340	10.4716720	8.9019940	4.1910673	0.6592912	0.0394413	0.3646850	0.0068439	0.0106824	0.0264799	0.0692358	0.1191396	0.0354691	0.0722262	0.0576535	-4.709
4350	8.1165741	6.3984792	3.0330151	0.5819153	0.0358726	0.2412112	0.0085370	0.0189429	0.0159308	0.0863648	0.0597753	0.0323097	0.1294069	0.0536035	-3.717
4360	11.4118633	9.8617437	3.3702930	1.9133590	0.0539364	0.2533782	0.0097773	0.0182349	0.0164140	0.0262984	0.0069172	0.0488528	0.0501274	0.0510294	-6.364
4370	8.2494834	7.9657366	2.0551183	0.9331797	0.0618880	0.0837676	0.0191482	0.0278462	0.0163629	0.0545606	0.0417487	0.0604375	0.0615359	0.0687266	-5.037
4380	11.7884654	11.0963628	3.8893303	1.5656977	0.0399064	0.1733001	0.0018761	0.0099153	0.0117546	0.0333420	0.0271780	0.0268183	0.0844416	0.0507757	-4.383
4390	10.7204147	10.2964712	3.5468822	1.4986989	0.0226755	0.1148619	0.0080502	0.0202168	0.0117665	0.0453662	0.0374378	0.0269732	0.0516440	0.0442326	-2.138
4400	11.2887160	10.2783675	4.0528943	1.0637731	0.0373183	0.0992160	0.0122819	0.0148930	0.0130649	0.0485480	0.0681235	0.0374440	0.0635007	0.0441944	-3.361
4410	9.7852549	8.4090167	2.8914811	0.9150912	0.0281133	0.1004172	0.0087495	0.0254216	0.0202023	0.0560072	0.0552984	0.0314061	0.0656803	0.0509847	-2.129
4420	10.3158847	8.8425236	3.5849449	0.9150912	0.0125457	0.1764425	0.0015081	0.0155066	0.0161997	0.0372703	0.0552984	0.0172573	0.0799793	0.0483376	-1.369
4430	8.6101967	6.0245099	1.7184857	0.8055729	0.0093305	0.1969837	0.0022362	0.0230754	0.0333835	0.0775034	0.0691167	0.0096586	0.0734927	0.0512475	-5.399
4440	11.0755080	9.4378237	1.6346921	1.2821774	0.0060498	0.1969837	0.0086421	0.0209371	0.0442384	0.0455083	0.0400083	0.0067670	0.0632060	0.0563469	-2.916
4450	9.0775675	8.9476730	2.6387146	1.1849522	0.0201743	0.1847467	0.0023611	0.0346061	0.0195591	0.0254826	0.0538777	0.0210053	0.0867445	0.0625276	-1.762
4460	10.9862070	8.3310965	0.9862036	1.1242943	0.0155761	0.1657563	0.0043750	0.0473299	0.0310652	0.0128451	0.0353446	0.0155461	0.0599846	0.0697886	-7.225
4470	10.3583303	8.8184707	1.2121003	2.3668361	0.0330437	0.1105374	0.0145759	0.0665540	0.0603296	0.0222210	0.0223240	0.0221541	0.0512826	0.0641646	-3.306
4480	8.6872593	6.5263094	0.8697009	1.1353543	0.0155377	0.1934798	0.0033696	0.0793562	0.1019314	0.0497164	0.0486716	0.0306800	0.0702636	0.0765073	-1.541
4490	10.2529551	9.8810625	0.8407794	1.5522072	0.0178874	0.1934798	0.0044105	0.0826160	0.0745572	0.0306599	0.0458864	0.0163066	0.0506582	0.0755131	-2.647
4500	11.7551799	11.0157158	0.9717761	4.2936990	0.0182367	0.0867641	0.0021373	0.0589280	0.0741690	0.0100271	0.0096706	0.0225833	0.0474420	0.0420231	-4.463
4510	11.9371880	9.7591703	0.7801199	1.5501881	0.0103311	0.0386134	0.0085957	0.0953399	0.1054134	0.0237935	0.0207819	0.0175255	0.0341695	0.0409572	-6.039
4520	12.1229990	9.2314968	1.0748972	2.7980661	0.0163064	0.1655031	0.0079617	0.0570675	0.0649825	0.0290303	0.0172391	0.0271827	0.0381172	0.0469866	-4.361
4530	11.7025916	8.3852372	0.5724543	2.1140468	0.0351966	0.0734018	0.0172432	0.0623147	0.0690716	0.0283770	0.0261795	0.0247301	0.0380518	0.0515419	-8.016
4540	11.7716746	9.1220236	0.6883008	2.1595399	0.0135262	0.0474572	0.0084281	0.1086240	0.0959368	0.0277792	0.0265746	0.0246893	0.0395312	0.0504562	-3.293
4550	10.6833733	9.8057864	0.5439372	2.3303744	0.0268397	0.0665315	0.0167509	0.1155563	0.1137377	0.0363836	0.0310206	0.0299222	0.0507290	0.0541211	-5.345
4560	11.6872455	9.6813304	0.5294128	1.9518357	0.0223282	0.1229708	0.0158708	0.1235577	0.1284688	0.0320049	0.0257129	0.0278012	0.0373426	0.0537506	-4.421
4570	7.8851367	6.6418927	0.3674762	0.9280512	0.0335479	0.0833204	0.0166035	0.1822129	0.1894554	0.0471982	0.0461969	0.0409990	0.0661124	0.0803154	-3.711
4580	11.6030630	9.8431550	0.5364833	2.2455432	0.0241584	0.1132590	0.0087212	0.1813748	0.1364298	0.0253045	0.0451435	0.0327195	0.0481145	0.0485891	-4.990
4590	11.2823865	10.8198910	0.3406865	1.5487878	0.0285762	0.1017216	0.0043172	0.2390158	0.2283743	0.0386165	0.0406090	0.0349789	0.0364035	0.0371528	-2.228
4600	11.5649984	9.8851904	0.4971497	3.0625923	0.0142695	0.2639476	0.0071966	0.2183718	0.1800740	0.0205101	0.0176613	0.0199279	0.0475246	0.0506463	-4.374
4610	8.6596754	8.3434884	0.4548477	3.1381831	0.0211393	0.1760981	0.0087974	0.1157153	0.1384681	0.0181342	0.0248511	0.0204504	0.0473978	0.0750289	-1.965
4620	10.3445316	8.9664008	0.5524545	2.4801199	0.0233008	0.2721914	0.0023698	0.1383043	0.1156162	0.0327393	0.0146060	0.0360241	0.0465898	0.0492022	-2.500
4630	11.2439387	10.8209347	1.4933007	1.1767756	0.0376536	0.0561934	0.0081396	0.0332505	0.0439924	0.0515741	0.0593956	0.0336534	0.0356575	0.0491656	-2.935
4640	9.4786785	8.3451325	1.5912110	1.0989689	0.0174247	0.1119486	0.0087158	0.0267769	0.0288817	0.0552255	0.0269311	0.0242747	0.0443712	0.0451020	-3.871
4650	11.6289415	9.6048639	1.6703342	0.8028839	0.0157394	0.0649414	0.0078729	0.0371295	0.0535344	0.0453901	0.0686027	0.0192232	0.0513246	0.0382548	-3.491
4660	11.2405197	8.9136327	1.9744862	0.7741584	0.0180484	0.1484308	0.0028167	0.0352886	0.0391127	0.0684643	0.0339794	0.0262159	0.0477751	0.0469170	-3.266
4670	10.2628885	9.8272587	1.5275591	1.0649149	0.0284043	0.1846850	0.0054578	0.0361697	0.0309526	0.0237710	0.0480138	0.0318657	0.0466876	0.0468717	-2.673
4680	9.3873930	8.7099425	1.1781766	0.9224363	0.0317409	0.1748595	0.0133124	0.0306044	0.0418999	0.0411648	0.0589637	0.0343722	0.0466876	0.0468717	-4.071
4690	9.3116492	8.5951419	0.8044689	0.7010083	0.0305887	0.1384778	0.0089904	0.0519429	0.0674395	0.1003141	0.0542311	0.0353730	0.0431553	0.0428264	-2.736
4700	8.1875156	7.4710067	0.6849054	1.6590112	0.0318290	0.0471328	0.0279138	0.0698132	0.0672770	0.0357381	0.0437083	0.0352878	0.0633370	0.0594979	-6.685
4710	8.1378233	8.0146861	0.7897514	1.3618551	0.0404334	0.0768938	0.0209638	0.0727419	0.0836638	0.0453992	0.0335293	0.0448272	0.0622629	0.0604538	-2.979
4720	8.1507096	7.5699387	1.2802847	1.4329206	0.0335196	0.2078319	0.0062550	0.0590772	0.0359198	0.0416400	0.0356918	0.0411154	0.0630240	0.0633256	-1.166
4730	10.6539584	9.8505613	4.3335089	2.0914055	0.0085641	0.2411967	0.0022506	0.0118223	0.0197863	0.0281334	0.0216830	0.0095161	0.0781975	0.0585327	-0.480
4740	8.4698995	7.7343965	2.3018613	0.7816362	0.0142908	0.1593751	0.0031253	0.0366774	0.0231045	0.0801695	0.0594486	0.0189088	0.1088890	0.0571513	-3.021
4750	8.8205709	7.1163479	1.2669927	0.7148672	0.0300194	0.1143226	0.0151392	0.0430073	0.0538418	0.0615206	0.0921265	0.0378367	0.0477891	0.0560359	-5.550
4760	12.0468161	11.0618551	2.0060624	2.0556309	0.0206593	0.0665590	0.0044548	0.0361997	0.0275296	0.0439680	0.0185104	0.0213410	0.0349185	0.0414125	-2.239
4770	11.9950779	11.7836862	0.9217442	1.9030057	0.0243899	0.0303037	0.0137987	0.0427366	0.0341392	0.0213001	0.0218530	0.0253461	0.0303190	0.0354928	-5.774
4780	10.5245736	10.3115662	2.0136147	0.8130155	0.0238586	0.0303037	0.0148865	0.0274129	0.0349444	0.0452749	0.0523266	0.0259439	0.0473267	0.0447685	-3.419
4790	9.0210311	8.2299409	1.6287929	1.6291387	0.0298932	0.0455143	0.0144486	0.0228906	0.0265782	0.0313102	0.0347866	0.0324995	0.0411411	0.0402563	-7.272
4800	10.5473179	10.0910980	2.6372403	1.8081288	0.0301321	0.0437630	0.0145640	0.0230735	0.0267906	0.0369920	0.0350646	0.0327592	0.0572933	0.0415569	-3.366
4810	11.2332524	10.9110363	1.5970123	1.8524339	0.0278677	0.0437630	0.0134696	0.0219830	0.0222338	0.0301950	0.0286456	0.0256038	0.0305896	0.0386131	-6.073
4820	11.2332524	10.1257467	2.1849763	1.3579825	0.0231686	0.0249741	0.0196069	0.0334330	0.0398399	0.0208382	0.0241073	0.0256038	0.0411003	0.0388074	-8.684
4830	9.3168686	8.1936774	2.1739351	1.0204957	0.0517734	0.1077051	0.0071927	0.0323052	0.0303913	0.0611427	0.0309245	0.0612463	0.0527228	0.0581378	-3.075
4840	11.7724470	10.4829663	3.5338475	1.1703228	0.0415355	0.0558340	0.0088330	0.0161636	0.0342984	0.0572844	0.0664026	0.0491351	0.0401986	0.0606811	-9.723
4850	11.5747578	10.8721974	2.3638135	1.1064178	0.0334600	0.0858382	0.0185159	0.0329923	0.0254076	0.0711590	0.0595364	0.0403460	0.0517061	0.0453699	-5.336
4860	10.5777219	9.2643592	1.1971684	0.5161702	0.0413327	0.1718686	0.0043292	0.0803013	0.0348404	0.1064548	0.0735445	0.0465780	0.0415335	0.0406037	-3.409
4870	9.4679313	8.9969010	1.4588278	1.0435460	0.0321542	0.0525023	0.0293151	0.0356837	0.0429717	0.0714993	0.0779794	0.0358373	0.0525620	0.0514884	-7.247
4880	10.5560935	8.8812097	1.2642595	0.5140206	0.0283034	0.0279079	0.0106682	0.0412135	0.0446204	0.0594540	0.0586014	0.0326573	0.0457764	0.0386934	-5.519
4890	8.5154806	7.1869602	0.7139075	0.7297678	0.0494358	0.2123676	0.0063431	0.0728540	0.1144648	0.0832617	0.1091116	0.0690798	0.0650951	0.0549550	-3.446
4900	9.2820670	9.0422524	0.5466476	1.3051801	0.0581791	0.0514581	0.0231917	0.0631395	0.0875166	0.0451387	0.0488481	0.0578305	0.0487764	0.0472512	-6.237
4910	10.1948956	9.9154857	1.1654962	2.1657966	0.0606530	0.0723926	0.0143703	0.0519743	0.0543473	0.0260800	0.0317164	0.0657626	0.0505324	0.0324769	-6.543
4920	10.2843529	8.5753019	1.3213960	2.6292862	0.0962005	0.4072972	0.0118402	0.0550440	0.0365248	0.0141250	0.0262247	0.0227389	0.0483066	0.0581765	-4.036
4930	11.2099338	10.8271077	1.8773302	1.7917517	0.0481548	0.0788881	0.0134252	0.0323390	0.0501873	0.0342534	0.0270824	0.0512178	0.0359141	0.0421486	-3.776
4940	8.3093560	7.7650221	0.9201789	1.3281347	0.0550062	0.0704827	0.0079627	0.0927163	0.0646519	0.0707348	0.0410772	0.0453634	0.0684378	0.0831316	-2.719
4950	11.5515668	9.9611522	0.7188553	1.1279008	0.0250501	0.0715001	0.0033701	0.0427992	0.0537028	0.0612882	0.0384327	0.0274837	0.0411681	0.0433891	-3.611
4960	10.1109395	9.9290280	1.2017434	2.2957809	0.0290544	0.0473828	0.0176086	0.0427992	0.0484343	0.0360719	0.0275194	0.0271989	0.0512952	0.0345231	-7.474
4970	11.6266016	11.1679935	1.0219513	1.3867881	0.0331361	0.1682769	0.0062309	0.0624052	0.0552386	0.0520789	0.0371499	0.0393727	0.0331601	0.0442474	-1.657
4980	8.8453463	8.4487837	0.9397042	1.8586306	0.0403234	0.0924406	0.0085468	0.0396212	0.0474486	0.0184188	0.0207219	0.0418996	0.0508299	0.0410875	-5.687
4990	8.9238853	8.5238015	2.7945118	3.6581342	0.0326968	0.1934532	0.0173743	0.0273578	0.0113547	0.0200768	0.0114471	0.0425182	0.0432320	0.0671864	-6.506
5000	10.5558233	6.4697056	1.8744033	1.9226065	0.0304511	0.0631121	0.0065244	0.0273363	0.0170810	0.0340146	0.0381184	0.0264150	0.0504481	0.0488309	-11.948
