[ ---------------------------------------------------------
    EX3 mixture model of Le, Lartillot & Gascuel (2008) 
 --------------------------------------------------------- ]

[ Buried component ]
model BurEX3 =
0.352598 
0.216996 1.087422 
0.292440 0.323465 7.797086 
2.610812 0.913640 1.460331 0.344397 
0.510610 5.128748 2.811070 0.773241 0.220223 
0.753729 1.090823 0.956820 12.012282 0.021022 10.123412 
2.838061 0.595013 0.884971 0.922298 0.707214 0.351856 0.713974 
0.239679 3.625577 7.108377 1.826237 0.481109 10.246488 0.839852 0.219310 
0.051496 0.102940 0.168735 0.024207 0.162795 0.087881 0.036973 0.004515 0.079975 
0.119849 0.316151 0.091984 0.018800 0.422679 0.648064 0.075035 0.016317 0.282195 2.225363 
0.443183 20.766910 3.194817 0.568138 0.132784 7.478955 4.176123 0.551523 1.415394 0.163276 0.207613 
0.460570 0.458210 0.398615 0.059146 0.765112 2.134261 0.313124 0.053192 0.340474 2.609469 4.476961 1.014674 
0.089411 0.056698 0.104720 0.027913 0.630095 0.094857 0.023275 0.034031 0.691151 0.491179 1.606618 0.077868 1.226530 
0.993370 0.419898 0.217106 0.273526 0.181230 0.729534 0.311152 0.192454 0.483200 0.040002 0.170402 0.376998 0.075002 0.057218 
6.108406 1.066008 5.182562 1.216396 5.236005 1.159086 0.763810 2.404073 0.924395 0.048875 0.084247 0.923997 0.260340 0.260617 1.208454 
1.992855 0.687262 2.181095 0.312299 2.276505 0.829879 0.551397 0.101409 0.480998 0.610331 0.198919 1.407257 1.292634 0.096955 0.648250 8.527249 
0.063159 0.855332 0.134012 0.099769 0.468450 0.329372 0.136731 0.169991 0.745868 0.056715 0.377293 0.137955 0.463394 2.343596 0.058650 0.211406 0.085948 
0.078057 0.341493 0.655744 0.241264 0.762740 0.302096 0.142491 0.040257 5.226086 0.092084 0.180292 0.311130 0.249838 8.141649 0.062812 0.267992 0.128044 3.047417 
1.339724 0.144916 0.125078 0.062854 1.481083 0.194081 0.225389 0.043663 0.090575 5.973306 0.993888 0.222252 0.964622 0.262045 0.207448 0.083450 1.544911 0.078358 0.105286 

0.123992 0.016529 0.017595 0.015784 0.019325 0.015552 0.015939 0.049573 0.014540 0.126555 0.167605 0.011083 0.037438 0.058363 0.028849 0.042324 0.049207 0.011962 0.037833 0.139953;

[ Intermediate component ]
model IntEX3 =
0.489239 
0.466919 0.536794 
0.601908 0.069474 4.603441 
2.430552 1.807414 0.997223 0.166431 
1.101971 2.081359 1.299123 0.508086 0.393348 
1.227777 0.215899 0.345545 3.579383 0.046861 3.113235 
1.873072 0.390054 1.528288 0.941969 0.867139 0.349219 0.406414 
0.519003 1.930915 5.003737 0.781887 1.630085 3.567804 0.324903 0.315383 
0.158722 0.180317 0.295816 0.013254 0.642786 0.179498 0.090830 0.013181 0.209208 
0.345026 0.503290 0.138767 0.024393 1.107569 1.027755 0.123806 0.048549 0.592981 5.439892 
0.610178 4.322929 1.524318 0.121994 0.181609 2.674484 0.792405 0.276766 0.591509 0.301836 0.294950 
0.949957 0.472702 0.502710 0.091008 1.283305 1.905885 0.242081 0.140301 0.378459 6.259505 9.391081 1.074513 
0.247271 0.069820 0.161809 0.028611 2.065479 0.077874 0.025753 0.065388 1.541097 1.306479 3.015722 0.048689 2.243101 
1.334722 0.170174 0.099375 0.211869 0.163190 0.349495 0.155436 0.186099 0.300496 0.065625 0.265961 0.162529 0.088677 0.083754 
5.316955 0.699036 4.526191 1.143652 5.249370 0.970695 0.438792 2.366185 0.939629 0.138819 0.275119 0.532771 0.521510 0.547761 1.187779 
1.963809 0.535034 2.034583 0.383040 2.012437 0.891145 0.531018 0.180104 0.467342 1.861944 0.395319 1.071879 2.340268 0.183984 0.400373 7.243848 
0.145693 0.378596 0.046601 0.048388 1.074147 0.174525 0.063777 0.168836 0.822524 0.110645 0.677913 0.062047 0.796395 3.502387 0.046950 0.290501 0.107097 
0.195764 0.149382 0.534652 0.105996 2.446201 0.150150 0.071967 0.031908 6.198893 0.299207 0.413150 0.090874 0.492692 15.039152 0.044765 0.328289 0.175204 3.125850 
2.227504 0.220361 0.150316 0.066496 3.112801 0.393451 0.444469 0.108811 0.224352 15.532696 2.152640 0.302279 2.658339 0.738053 0.322254 0.197018 2.507055 0.175763 0.276642 

0.086346 0.080808 0.041727 0.064440 0.006654 0.052795 0.092110 0.048527 0.028831 0.040497 0.071679 0.079687 0.018007 0.025901 0.052632 0.052778 0.056138 0.010733 0.034744 0.054964;

[ Highly exposed component ]
model HExEX3 =
0.557500 
0.467024 0.508965 
0.660464 0.044039 3.386724 
1.332582 3.667491 1.440486 0.185886 
1.402485 2.156104 1.297398 0.333117 0.789370 
1.259192 0.111162 0.245837 2.707953 0.058650 2.098300 
0.934526 0.393780 2.196372 0.868249 1.336358 0.322363 0.252359 
0.518929 3.157422 5.392488 0.748008 3.827563 4.517669 0.284167 0.634601 
0.279723 0.407537 0.535113 0.054030 3.345087 0.427624 0.148200 0.015686 0.658979 
0.715094 1.182387 0.270883 0.035162 3.520931 2.366650 0.172395 0.100089 1.779380 18.830270 
0.694526 3.728628 1.747648 0.083685 0.100399 2.477205 0.623294 0.280977 0.694965 0.569776 0.493141 
1.338414 1.261833 0.818216 0.054313 3.918703 2.383718 0.219943 0.228757 0.867786 19.605444 31.431195 1.089056 
0.295523 0.190129 0.263800 0.044853 5.266468 0.120909 0.042178 0.194665 3.494314 5.825792 11.527190 0.044361 6.237844 
1.085021 0.168461 0.041147 0.203765 0.185173 0.353420 0.218194 0.120292 0.375260 0.116875 0.705493 0.190747 0.139085 0.108823 
4.090024 0.852803 4.335615 0.829194 6.499129 1.095446 0.336922 1.733724 1.144100 0.413986 0.878828 0.631498 0.730416 1.167593 1.195720 
2.318400 0.650016 2.351068 0.385247 1.883085 1.167877 0.532167 0.187062 0.796107 4.825759 0.838744 1.268311 4.445757 0.381760 0.419944 7.677284 
0.134371 1.021826 0.151293 0.065183 3.716538 0.530580 0.077516 0.396559 1.324147 0.443432 3.290145 0.064651 4.411035 13.056874 0.056705 0.534908 0.408415 
0.212989 0.424870 1.115762 0.268883 8.874037 0.255572 0.125866 0.107717 14.436023 1.292209 1.491799 0.104026 2.063744 49.760746 0.057618 0.756357 0.396791 12.032322 
3.112666 0.544010 0.214411 0.125541 5.301703 0.868794 0.839508 0.215758 0.533676 46.074660 7.301056 0.557248 9.151909 2.634769 0.523205 0.564572 4.519860 0.456880 0.670812 

0.094155 0.070537 0.052200 0.112406 0.002213 0.062733 0.165272 0.062302 0.019853 0.011154 0.019829 0.108860 0.006503 0.006873 0.070091 0.057931 0.046183 0.002449 0.008629 0.019827;

[ main definition of EX3 with fixed component rates ]
model EX3 = MIX{BurEX3:0.427672756793791,IntEX3:0.837595938019774,HExEX3:1.51863631431518};